1 1 170 182 227 239 126 128 166 166 206 216 137 149 94 128 244 258 166 168 202 204 182 182 132 134 148 160 198 198 138 150 206 206 244 246 238 240 2 12 188 196 148 186
2 1 174 184 229 233 126 134 164 164 206 218 137 149 126 136 250 258 176 180 200 200 182 184 134 134 146 164 204 206 154 162 194 208 242 250 238 240 10 12 188 190 148 148
3 1 168 168 229 245 102 110 164 166 206 218 137 143 130 144 244 260 154 180 202 204 182 190 126 136 146 174 200 202 150 156 206 210 254 258 238 240 10 12 188 200 168 188
4 1 166 170 233 233 110 116 162 166 206 214 143 149 124 130 252 262 162 174 202 204 182 192 124 140 164 174 198 206 156 164 196 206 246 246 234 236 6 14 184 198 150 180
5 1 168 176 233 245 130 140 164 166 206 216 145 145 126 144 260 262 148 184 202 204 190 192 126 134 164 174 198 200 138 150 196 198 250 252 240 248 2 10 186 190 172 186
6 1 168 168 227 245 126 134 164 166 218 218 145 149 126 130 260 262 166 180 -9 -9 182 194 116 126 146 150 204 208 150 150 206 206 246 252 230 234 10 10 196 200 174 186
7 1 168 170 239 241 132 136 164 164 206 216 149 153 126 132 252 262 168 180 202 204 184 190 114 132 146 164 196 198 138 152 194 206 250 252 234 238 2 2 188 200 178 188
8 1 168 184 233 237 128 134 166 166 206 216 145 149 126 136 248 260 154 174 200 202 182 190 124 138 148 168 194 206 162 166 198 206 252 258 240 240 2 2 184 188 172 182
9 1 176 176 239 245 116 130 164 166 206 216 149 149 130 130 252 260 164 184 202 204 182 190 128 128 146 164 196 198 150 162 204 206 250 250 240 240 2 10 186 188 188 188
10 1 168 168 229 233 130 134 164 166 214 216 149 149 124 132 260 260 154 170 200 204 182 190 122 126 142 156 198 200 162 170 204 206 250 250 230 240 2 10 182 190 176 178
11 1 168 168 237 245 126 128 164 166 216 218 149 149 126 138 254 260 158 178 202 204 180 182 128 136 146 164 198 206 152 170 206 206 258 258 236 238 8 10 196 198 148 176
12 1 168 168 229 237 126 128 164 166 208 218 137 149 126 132 250 262 166 178 202 206 190 192 116 132 142 164 198 204 156 170 206 208 242 246 230 236 6 10 198 200 182 186
13 1 168 168 233 245 114 140 164 166 206 206 143 149 124 138 250 260 154 178 202 202 182 182 124 132 146 160 202 208 150 154 204 210 248 252 -9 -9 8 10 186 194 148 180
14 1 168 182 233 237 110 110 164 164 206 216 149 151 132 138 234 256 168 176 -9 -9 184 190 134 140 142 144 204 216 138 156 202 206 250 250 236 238 2 12 188 190 150 172
15 1 178 184 237 237 134 138 166 166 206 206 145 153 130 140 244 248 154 182 202 204 190 190 114 126 146 168 196 202 156 156 204 204 242 250 234 238 10 10 188 192 172 178
16 1 168 170 227 233 130 140 164 166 216 218 147 149 140 140 256 260 178 180 202 204 184 192 138 140 142 150 196 214 156 164 202 206 250 254 236 238 2 8 180 182 178 192
17 1 166 168 233 239 132 136 164 166 216 216 145 149 94 132 256 260 148 160 202 204 186 190 138 140 146 168 196 196 150 162 204 208 246 252 234 236 10 14 190 198 176 186
18 1 184 186 227 241 102 130 164 166 204 206 149 149 128 138 260 262 180 184 200 200 182 184 124 138 148 160 198 206 156 164 204 204 248 250 234 238 12 12 188 198 188 188
19 1 168 170 233 237 114 128 164 164 206 218 149 153 126 126 252 258 180 180 202 204 184 192 136 138 146 164 202 204 138 140 204 204 244 248 234 240 2 10 188 198 176 186
20 1 166 168 215 245 116 116 164 166 206 206 145 149 132 138 244 260 154 180 202 204 180 194 124 136 164 172 198 204 150 164 204 206 242 248 238 238 2 14 188 200 176 178
21 1 166 168 227 233 126 136 164 166 206 216 147 149 126 138 254 262 166 178 202 204 190 190 138 140 146 150 204 204 138 150 198 204 246 258 230 232 10 12 184 190 174 176
22 1 168 170 215 239 132 136 164 166 216 218 149 149 140 140 252 254 154 180 204 204 180 192 132 140 144 144 198 202 150 156 202 206 252 254 236 240 2 2 188 198 148 188
23 1 166 178 227 231 126 126 166 166 206 216 145 145 128 132 258 260 174 180 202 202 192 202 118 124 160 164 196 198 156 170 194 206 250 254 234 240 2 6 186 198 148 182
24 1 170 172 233 233 128 136 164 166 206 206 147 147 138 138 262 262 152 166 202 204 182 190 126 140 146 164 194 204 138 152 194 204 246 250 230 238 10 14 186 198 148 150
25 1 168 170 233 237 128 130 164 184 206 218 137 153 132 138 234 262 154 174 202 204 182 182 126 140 146 146 198 204 152 154 194 206 246 250 230 240 2 10 188 200 178 188
26 1 166 170 227 239 134 136 164 166 206 218 149 149 94 124 248 248 166 174 202 204 184 194 132 136 142 146 198 202 140 140 196 208 246 248 238 240 2 12 186 188 148 186
27 1 166 168 237 237 126 136 164 166 206 218 137 149 94 148 248 252 154 166 204 204 182 184 126 132 150 160 198 198 140 152 206 208 246 246 234 240 10 12 200 200 178 186
28 1 168 168 219 245 116 132 164 166 216 218 147 149 124 124 260 260 164 168 202 204 184 190 128 138 146 164 202 204 138 152 206 212 242 252 234 234 10 10 186 188 176 182
29 1 168 186 233 241 102 130 164 164 216 216 149 149 126 132 234 258 168 172 200 202 192 194 116 128 146 146 202 206 138 150 194 204 246 254 234 234 2 8 188 200 172 178
30 1 168 176 237 245 102 116 164 166 206 206 143 147 132 140 260 260 180 182 202 204 184 190 134 140 142 166 196 202 138 156 206 206 242 252 234 238 10 10 184 184 148 178
31 1 166 168 227 227 102 114 162 164 206 216 143 147 124 134 248 252 180 180 200 202 184 202 122 138 144 148 194 206 138 150 204 204 246 248 220 238 8 10 182 188 186 188
32 1 168 168 219 237 102 124 166 166 216 218 145 149 124 130 248 260 164 166 -9 -9 182 182 114 136 142 166 194 198 152 164 194 206 242 246 234 234 2 10 188 196 148 178
33 1 166 168 231 235 130 132 166 166 216 216 145 149 126 130 244 258 180 182 200 202 184 192 114 138 142 172 204 206 152 162 196 208 250 258 234 238 2 10 186 190 148 172
34 1 166 168 233 245 110 124 164 166 206 218 143 149 94 126 258 262 164 170 202 202 182 190 136 136 146 164 198 198 162 164 204 204 242 250 234 236 2 14 186 202 148 148
35 1 166 168 227 231 110 136 164 164 206 218 143 149 126 130 258 260 168 170 202 204 182 190 126 132 144 164 198 206 154 156 206 210 228 254 234 240 10 10 190 200 172 172
36 1 168 168 229 233 126 134 164 166 218 218 147 149 130 138 262 262 166 180 204 204 192 192 116 138 146 146 204 208 152 152 196 206 238 242 234 238 2 14 200 200 178 186
37 1 168 182 221 245 126 130 164 166 206 214 143 149 136 136 250 256 154 176 202 202 182 184 126 134 144 160 196 208 164 164 194 206 228 254 234 234 4 10 188 200 148 178
38 1 168 170 237 245 126 130 164 166 206 216 143 149 130 132 250 258 170 180 202 206 182 194 124 134 142 160 198 204 164 170 206 206 250 260 230 232 2 10 180 182 176 178
39 1 166 172 233 233 116 130 166 166 216 216 137 147 124 132 252 260 166 174 202 204 182 184 130 140 146 146 198 204 140 152 204 204 228 252 230 234 2 14 184 188 172 174
40 1 168 186 227 233 132 134 164 164 216 218 149 151 94 136 250 260 170 170 202 202 182 184 114 124 160 160 198 204 152 164 206 208 254 258 238 240 2 2 180 198 148 176
41 1 168 168 225 245 114 126 164 164 218 218 147 147 138 140 266 266 152 170 202 204 192 192 114 132 150 164 196 202 136 152 206 206 246 254 234 238 10 10 188 200 148 174
42 1 166 168 225 231 102 132 162 166 206 218 147 149 132 134 252 262 164 180 202 204 184 190 114 138 142 164 200 206 138 156 204 210 242 248 230 238 12 14 190 196 188 192
43 1 170 184 227 231 110 126 164 166 206 208 143 145 126 132 234 260 152 170 204 204 182 190 124 136 148 164 198 204 138 140 196 202 246 246 232 234 10 12 186 200 172 188
44 1 168 170 237 237 128 136 164 166 204 206 145 145 124 132 250 254 170 174 202 202 182 190 134 134 142 146 198 204 156 162 196 206 254 254 220 238 10 10 186 198 148 192
45 1 168 172 227 237 110 136 164 166 206 206 147 149 126 132 260 260 174 182 202 202 192 194 114 140 142 144 198 208 152 156 194 204 242 254 234 238 10 10 184 196 172 178
46 1 166 178 229 231 102 116 164 166 206 216 147 153 130 132 256 258 158 164 202 204 182 184 130 138 146 168 198 200 138 152 194 210 242 252 236 236 2 2 188 200 148 186
47 1 166 168 233 239 128 130 164 166 216 218 145 149 126 130 234 258 170 174 202 202 182 190 114 126 142 164 202 204 140 154 210 210 248 258 236 238 10 10 182 188 174 188
48 1 168 170 233 237 126 140 164 164 206 206 149 151 94 126 248 258 166 184 202 202 182 182 118 128 146 160 196 198 152 154 206 206 248 258 234 240 2 10 186 200 172 178
49 1 168 172 231 245 136 138 164 166 216 218 137 145 126 130 258 258 164 170 204 204 182 184 126 128 148 164 202 204 138 138 206 210 238 246 234 236 2 10 186 188 186 192
50 1 168 176 215 231 128 134 164 164 216 216 149 149 130 134 234 258 160 174 202 202 180 192 126 128 -9 -9 198 206 140 152 206 210 246 258 234 238 10 12 190 198 148 178
51 1 166 174 227 245 116 134 164 166 206 216 143 149 130 138 260 262 174 180 202 202 182 182 118 138 172 174 194 204 138 140 196 204 246 250 230 236 12 14 186 190 174 178
52 1 174 176 227 237 126 130 164 164 206 216 137 149 132 138 244 262 154 178 202 202 190 192 114 140 166 174 198 202 -9 -9 194 206 246 252 234 234 8 8 186 200 172 188
53 1 166 168 231 237 110 130 164 164 206 206 147 147 124 132 258 260 178 184 200 204 182 190 134 138 144 144 196 204 138 152 208 210 250 250 232 234 8 10 188 200 174 186
54 1 166 184 237 245 102 124 164 164 206 206 149 149 126 140 260 262 174 178 202 202 190 192 136 138 156 160 204 204 156 156 204 206 250 254 234 236 2 10 186 190 148 174
55 1 168 168 231 231 128 136 164 166 214 216 145 151 126 132 258 262 154 166 200 204 182 192 138 140 148 160 198 202 154 154 204 210 250 258 236 240 10 12 186 198 166 178
56 1 166 184 233 241 102 128 164 166 204 216 149 151 94 132 -9 -9 148 160 202 202 182 184 126 138 144 146 198 216 162 164 204 204 246 258 234 238 2 10 186 190 148 174
57 1 166 182 233 241 100 140 164 164 216 216 145 145 132 138 260 260 180 182 202 204 190 192 122 140 166 172 194 202 152 156 194 208 242 252 234 238 2 10 186 190 172 176
58 1 172 176 227 241 128 136 164 166 216 216 147 147 138 138 260 262 164 174 202 204 190 194 130 138 146 164 196 204 138 140 204 206 246 258 236 236 8 14 184 186 148 174
59 1 168 170 227 227 128 130 164 166 206 218 145 145 126 132 260 266 154 154 202 204 182 182 128 132 142 160 196 208 150 152 206 208 244 258 234 244 2 8 186 198 148 192
60 1 166 168 237 237 126 126 166 166 216 216 145 153 126 134 258 262 148 154 204 204 184 192 122 126 148 166 198 198 152 154 204 204 238 258 234 238 10 14 180 200 148 176
61 1 168 174 241 245 126 130 166 166 216 218 145 147 130 138 234 260 162 168 204 206 182 192 124 126 142 164 194 198 138 154 204 206 250 252 230 240 8 10 182 186 166 176
62 1 168 184 239 241 126 130 164 166 206 216 145 149 126 132 256 260 174 180 202 202 184 190 114 118 160 164 198 202 140 140 204 206 250 250 236 238 10 14 188 198 188 192
63 1 166 166 227 233 116 126 166 166 206 216 143 149 132 138 252 256 166 182 202 202 182 184 134 138 146 164 200 204 138 154 196 196 246 246 234 236 2 10 186 186 172 174
64 1 168 178 219 233 116 136 164 166 206 206 145 145 132 144 260 262 172 180 202 204 190 190 126 138 146 174 198 204 162 164 204 206 250 252 236 238 2 10 186 196 148 166
65 1 168 168 233 241 132 132 164 166 204 216 143 147 126 144 234 248 174 180 204 204 190 192 132 134 148 160 198 202 138 164 194 206 250 252 234 234 8 10 182 188 176 190
66 1 166 170 227 233 100 140 166 166 216 218 145 149 132 136 250 256 152 180 202 204 182 182 114 134 146 150 198 202 138 150 202 206 252 252 234 234 10 10 188 198 168 178
67 1 166 178 245 245 130 130 164 166 206 216 147 149 126 138 254 258 176 180 204 204 182 190 114 132 144 164 198 202 138 140 204 204 248 252 238 240 8 10 188 188 180 184
68 1 168 168 219 239 102 130 -9 -9 216 218 145 153 126 130 256 258 174 180 202 204 184 184 114 140 146 164 202 204 152 156 204 210 248 254 230 230 8 14 188 200 148 180
69 1 168 178 233 239 126 128 164 164 218 218 149 151 126 136 234 250 170 174 202 202 184 194 126 132 164 174 200 202 162 164 206 210 238 250 240 244 2 14 180 184 176 186
70 1 168 168 231 239 110 132 164 164 208 216 145 147 134 136 256 258 154 180 200 202 182 184 134 138 144 144 198 200 152 154 204 210 242 258 232 234 10 14 188 196 148 150
71 1 168 172 233 245 114 132 164 164 206 218 151 151 130 132 248 260 168 174 202 206 190 192 126 128 146 174 194 206 150 162 194 204 246 254 234 240 2 14 196 198 168 192
72 1 168 168 219 245 116 130 164 184 206 218 145 147 128 136 252 260 160 168 204 206 190 202 116 132 146 160 194 204 150 152 196 204 242 254 234 234 10 10 186 200 164 174
73 1 168 172 231 245 128 128 164 166 206 216 147 149 126 136 260 262 160 172 202 204 190 202 114 122 144 164 206 216 150 164 206 206 238 246 234 234 2 12 186 198 166 178
74 1 166 182 233 237 124 136 164 164 216 216 137 149 124 132 244 250 154 174 202 202 182 184 114 118 164 172 198 204 138 164 202 208 246 250 234 238 10 12 188 198 148 188
75 1 168 170 229 233 134 140 164 164 208 208 143 149 128 132 234 262 166 174 202 202 184 190 128 134 144 164 204 216 156 170 206 212 238 252 222 238 10 10 188 188 176 180
76 1 168 172 225 235 126 140 164 166 206 214 149 149 130 142 258 266 154 164 202 202 184 192 126 128 164 166 194 200 152 154 204 206 246 250 234 240 10 12 188 188 148 192
77 1 168 168 239 245 116 130 164 166 216 218 149 149 130 138 256 258 166 166 202 204 180 182 122 140 142 164 196 202 152 156 194 204 252 254 238 240 10 10 182 200 148 186
78 1 168 176 237 237 110 114 164 166 206 216 149 153 126 130 254 268 180 180 202 206 182 202 128 134 142 172 202 204 138 152 202 210 246 258 236 238 10 12 198 200 178 190
79 1 168 168 233 245 114 130 164 164 206 216 137 149 136 144 234 258 168 178 202 204 182 202 124 126 142 146 202 204 154 154 204 204 246 252 236 238 8 12 180 186 166 178
80 1 168 168 219 245 102 124 164 164 206 216 149 153 126 132 258 260 158 160 200 202 184 190 114 134 146 166 202 206 138 156 202 208 238 250 234 234 12 12 186 188 172 172
81 1 168 182 227 227 114 116 164 166 206 216 147 151 124 144 258 262 168 170 202 204 182 182 132 140 144 166 204 208 -9 -9 202 204 228 252 230 230 2 12 180 188 178 192
82 1 168 168 233 237 130 136 164 164 208 218 147 149 126 132 234 258 166 180 204 204 190 192 122 138 146 172 202 202 138 156 206 208 238 252 236 240 2 12 -9 -9 178 192
83 1 168 172 227 235 102 126 164 164 206 208 137 145 94 130 262 276 154 168 204 204 182 192 130 140 164 164 198 204 138 150 204 208 246 246 234 236 2 8 186 188 176 176
84 1 168 172 237 237 110 130 166 166 206 206 147 149 130 138 244 256 170 180 202 202 182 184 134 140 146 148 202 216 -9 -9 206 206 248 250 234 238 2 12 182 190 148 150
85 1 168 168 -9 -9 116 140 164 166 206 206 149 149 126 126 -9 -9 170 182 202 202 -9 -9 -9 -9 -9 -9 200 200 140 152 -9 -9 250 252 -9 -9 12 14 -9 -9 -9 -9
86 1 170 176 245 245 126 130 164 166 208 218 147 153 132 138 250 260 152 180 202 204 182 182 140 140 142 146 200 204 154 156 196 208 242 254 234 234 2 10 188 188 168 172
87 1 170 186 229 231 138 140 164 164 206 218 137 147 126 138 248 258 180 182 204 204 182 190 126 138 144 164 202 204 -9 -9 194 210 244 256 236 238 2 14 188 188 148 178
88 1 -9 -9 -9 -9 -9 -9 164 166 204 204 -9 -9 136 140 -9 -9 178 180 -9 -9 -9 -9 -9 -9 142 144 196 202 152 156 -9 -9 248 258 -9 -9 8 10 -9 -9 -9 -9
89 1 168 168 233 245 116 126 164 166 206 208 137 143 94 138 234 260 168 176 200 204 190 190 126 126 144 164 202 204 -9 -9 208 212 242 254 234 238 10 12 188 200 176 178
90 1 168 168 237 237 132 134 164 166 206 216 137 149 126 138 252 260 172 180 204 204 182 194 126 134 146 148 196 198 -9 -9 200 204 248 252 234 238 12 12 182 188 148 178
91 1 170 174 229 233 102 116 166 166 208 216 143 149 94 124 248 262 166 174 200 202 182 192 122 134 146 174 204 206 -9 -9 196 206 -9 -9 234 240 6 6 180 186 178 186
92 1 -9 -9 -9 -9 114 136 164 164 216 218 145 147 126 140 -9 -9 174 182 202 202 -9 -9 -9 -9 164 164 198 200 164 164 -9 -9 254 254 234 240 14 14 182 188 -9 -9
93 1 168 168 233 237 128 130 164 164 216 218 145 149 130 140 250 256 164 174 204 206 190 192 122 140 142 164 198 198 138 158 206 208 250 252 230 240 2 2 184 198 176 192
94 1 168 168 219 219 112 126 164 166 206 218 149 149 130 132 260 260 168 168 204 204 182 194 128 140 142 164 202 204 154 164 204 206 252 254 236 236 8 10 188 200 172 178
95 1 170 178 233 245 128 130 164 164 216 218 137 153 126 130 234 254 154 178 202 204 182 190 138 140 160 164 196 198 -9 -9 196 204 248 250 234 240 2 12 188 198 172 178
96 1 170 186 -9 -9 130 132 164 164 208 218 149 149 124 132 256 260 176 180 -9 -9 -9 -9 -9 -9 -9 -9 204 204 138 138 -9 -9 -9 -9 -9 -9 8 8 -9 -9 -9 -9
97 1 168 170 227 231 128 132 164 164 206 208 149 149 126 128 254 260 164 180 202 202 190 192 136 140 144 150 202 204 154 164 206 206 250 252 236 238 10 14 188 198 148 178
98 1 168 184 231 235 112 140 164 166 206 216 137 137 126 136 248 258 170 170 202 204 182 192 126 140 164 166 196 206 138 152 208 208 254 258 230 238 2 10 186 198 176 186
99 1 168 174 215 233 126 130 164 164 216 216 149 153 130 132 258 258 154 180 204 206 184 194 114 122 146 150 196 202 154 154 198 204 258 258 220 234 10 10 190 196 148 148
100 1 166 176 215 233 128 130 164 166 206 216 137 143 126 144 234 256 148 184 204 204 190 192 122 126 146 150 196 206 170 170 202 206 250 258 234 238 2 4 196 198 148 178
101 1 168 174 233 241 128 130 164 166 216 216 145 147 134 138 260 260 180 180 202 204 182 182 128 138 146 168 200 206 138 150 204 204 258 260 234 234 8 10 188 200 148 178
102 1 168 170 237 239 130 130 164 164 206 208 149 153 124 126 248 262 152 152 202 204 182 184 126 128 146 174 204 208 138 156 206 206 248 252 234 234 2 2 182 182 172 192
103 1 168 170 227 233 128 128 164 166 206 206 147 149 124 132 260 262 180 180 202 204 182 190 128 132 146 168 206 201 140 164 204 204 242 246 234 236 2 10 186 198 172 192
104 1 170 182 229 237 100 114 164 166 216 218 147 149 128 140 260 262 180 180 200 202 182 184 118 134 146 148 198 200 138 154 194 204 246 252 234 240 8 14 190 200 168 186
105 1 166 172 233 233 130 130 166 166 216 216 137 149 94 130 252 258 174 180 202 204 184 184 124 128 144 160 196 200 152 154 204 206 246 248 238 238 10 10 -9 -9 148 190
106 1 168 172 235 241 132 132 164 164 216 216 149 149 126 138 256 262 148 178 202 204 184 190 128 136 142 152 200 206 138 140 204 208 246 246 222 236 2 14 180 188 178 192
107 1 168 176 245 245 130 134 164 166 206 206 137 147 132 136 234 262 170 180 200 200 184 194 124 132 164 166 202 202 138 138 194 206 252 252 234 234 2 8 188 200 148 172
108 1 168 174 233 241 126 132 164 164 206 216 149 149 122 132 258 260 154 180 202 202 184 202 132 140 146 166 198 198 150 162 204 206 250 252 234 238 8 10 188 198 168 172
109 1 168 168 225 245 110 130 164 164 206 218 145 145 124 126 260 262 148 178 202 204 182 190 126 134 146 164 202 202 140 162 206 210 246 250 238 244 8 10 188 188 168 168
110 1 168 170 233 241 114 140 162 164 208 218 145 153 136 138 262 276 168 180 202 204 190 190 136 140 146 146 198 204 140 152 204 204 246 258 238 240 2 10 186 198 178 186
111 1 168 170 233 233 130 136 164 166 216 216 137 149 130 130 234 256 158 178 202 204 182 190 114 140 146 166 204 206 156 156 196 208 250 252 234 240 8 10 186 188 178 192
112 1 168 174 231 233 112 114 164 166 216 218 149 153 130 138 248 262 148 178 204 204 184 194 114 126 142 142 204 206 140 144 206 208 248 248 230 234 8 10 192 196 148 166
113 1 168 168 219 233 130 140 164 164 208 218 145 147 128 134 260 262 154 178 202 202 184 184 122 134 150 164 198 202 138 152 204 206 242 254 234 234 10 10 186 188 148 178
114 1 166 168 233 239 102 132 164 166 216 218 149 149 128 132 258 260 170 178 202 204 192 194 126 138 144 146 204 204 138 162 206 208 238 250 234 238 2 12 182 188 148 168
115 1 168 170 225 227 132 132 164 166 206 218 147 149 94 128 254 256 174 180 202 204 190 192 132 140 144 146 200 204 -9 -9 196 208 248 250 234 240 2 10 184 188 176 176
116 1 168 168 231 245 102 126 164 166 214 218 143 151 132 140 252 266 154 168 202 204 184 184 122 126 146 150 198 200 164 170 204 204 250 250 234 238 10 12 188 200 168 188
117 1 168 168 233 245 116 126 164 166 216 218 151 153 132 136 256 260 164 168 200 204 182 192 126 140 146 164 196 204 140 156 204 208 238 238 238 244 2 14 188 200 148 188
118 1 168 184 215 229 114 128 164 164 216 218 143 149 138 138 234 234 160 178 204 204 192 202 134 134 150 164 198 204 164 164 196 204 238 252 236 238 2 12 200 200 166 178
119 1 166 168 237 237 112 134 164 164 206 206 149 149 126 138 252 258 166 170 202 204 182 184 124 130 142 164 202 216 138 152 202 204 250 258 234 240 2 10 -9 -9 148 176
120 1 166 166 227 241 126 130 164 164 206 218 137 147 132 132 252 262 148 178 202 204 182 182 118 128 142 160 200 200 156 170 196 204 252 254 234 236 8 14 -9 -9 172 178
121 1 168 168 231 233 110 130 164 164 206 218 137 149 94 136 258 276 152 160 202 204 190 190 122 140 142 146 200 202 140 164 206 210 246 252 232 238 2 10 -9 -9 148 174
122 1 168 168 231 235 124 130 166 166 204 218 149 149 138 148 234 260 158 170 202 204 190 192 128 140 146 164 204 204 -9 -9 194 204 242 254 234 240 2 12 -9 -9 176 176
123 1 168 186 229 235 128 132 164 164 208 216 149 149 126 136 262 262 154 168 200 202 182 192 126 138 146 164 198 204 152 152 204 204 250 260 232 234 10 10 -9 -9 176 182
124 1 166 168 215 219 110 140 164 164 206 214 149 151 130 132 256 258 154 154 202 204 182 192 122 138 144 160 194 194 162 164 206 206 242 246 -9 -9 10 14 -9 -9 178 192
125 1 166 170 215 241 102 128 164 164 206 206 147 149 136 138 262 262 152 180 204 204 184 192 114 134 142 148 198 200 136 170 194 204 248 258 234 238 8 10 -9 -9 174 188
126 1 168 168 227 231 110 126 164 166 218 218 147 151 132 148 256 266 152 174 202 204 186 192 132 138 144 160 202 206 164 164 206 210 250 254 222 234 12 12 -9 -9 172 182
127 1 166 170 225 231 126 130 164 166 214 218 147 149 132 142 256 260 170 170 202 204 182 192 132 132 146 164 196 202 138 170 204 204 246 246 236 238 2 14 -9 -9 166 178
128 1 168 176 229 245 114 126 164 164 206 208 149 153 94 126 244 258 148 180 202 202 190 194 130 138 148 164 198 202 150 152 200 208 238 250 238 240 -9 -9 -9 -9 176 182
129 1 176 176 225 233 110 134 164 164 216 216 143 145 94 126 256 262 156 182 202 202 190 190 114 132 142 166 194 208 154 154 204 204 258 258 234 238 2 8 -9 -9 178 184
130 1 168 174 227 233 134 134 164 164 206 208 151 153 130 138 254 258 164 168 202 204 182 190 138 140 146 160 198 204 150 156 206 206 250 250 230 236 2 10 -9 -9 148 148
131 1 168 176 233 237 102 114 164 164 206 218 143 147 132 148 258 260 180 180 204 204 182 194 126 128 142 164 198 202 138 162 200 204 244 248 234 234 10 10 -9 -9 172 172
132 1 170 178 235 245 128 130 164 164 216 218 151 153 132 144 248 250 148 160 202 204 182 190 128 134 142 174 198 198 154 170 206 206 248 252 234 238 8 10 -9 -9 176 178
133 1 168 172 239 245 124 126 164 164 206 208 137 147 124 130 260 260 170 180 202 204 182 190 122 134 164 164 200 208 138 140 204 212 248 250 230 238 8 8 -9 -9 172 176
134 1 166 168 231 233 124 134 166 184 206 206 137 149 132 144 234 252 172 174 202 204 182 190 138 140 150 164 198 200 152 152 204 204 250 250 234 238 8 10 -9 -9 182 190
135 1 172 174 229 233 136 140 164 164 204 216 143 147 130 132 260 262 152 154 202 204 182 190 124 138 144 146 196 198 156 162 204 206 250 250 232 234 10 12 -9 -9 178 190
136 1 166 176 233 239 124 128 164 166 204 208 137 149 130 132 234 250 154 174 204 204 182 194 114 122 164 174 198 200 138 144 210 212 248 250 238 240 2 8 -9 -9 178 178
137 1 170 178 219 233 114 132 164 166 216 216 143 145 130 132 244 254 148 154 202 204 184 190 116 134 164 164 198 204 152 164 204 210 242 258 234 236 2 10 -9 -9 168 172
138 1 174 176 215 233 102 116 166 166 206 216 137 147 126 126 260 266 154 182 202 204 182 192 134 140 142 164 196 204 136 138 206 210 250 256 230 238 10 14 -9 -9 148 168
139 1 166 168 231 233 124 126 164 164 216 218 137 145 124 130 252 256 166 176 204 204 182 182 134 138 144 172 200 202 154 154 204 206 250 258 238 238 6 10 -9 -9 174 182
140 1 174 176 233 245 130 140 164 166 206 214 149 149 130 132 256 258 148 166 202 202 182 184 128 136 146 146 204 208 150 152 206 210 248 252 230 230 2 12 -9 -9 148 192
141 1 168 172 215 233 126 130 166 184 204 216 145 153 132 140 252 258 156 164 202 202 190 192 124 138 160 164 198 204 160 164 204 204 254 260 234 240 8 12 -9 -9 176 188
142 1 172 184 227 231 126 126 164 164 214 216 137 149 126 130 260 260 176 180 200 204 182 192 132 138 146 160 198 208 162 164 196 200 242 250 234 238 10 14 -9 -9 148 176
143 1 168 170 245 245 126 134 166 166 208 218 145 145 130 132 260 262 176 178 202 204 182 192 122 126 146 160 204 204 140 162 206 206 250 252 220 234 8 14 186 200 168 186
144 1 166 168 227 245 110 126 164 166 206 206 149 149 130 138 256 262 148 172 202 204 -9 -9 126 140 -9 -9 198 202 152 170 204 204 242 252 238 240 10 12 188 190 168 178
145 1 166 176 233 233 102 142 164 166 214 216 145 145 126 148 260 262 168 182 202 202 184 190 -9 -9 142 164 196 208 154 156 204 206 246 250 230 238 2 12 188 196 178 178
146 1 166 168 233 237 126 132 164 166 206 206 149 151 132 136 256 262 170 178 202 204 182 202 128 134 142 148 196 204 150 152 194 206 238 250 238 238 8 12 186 198 166 192
147 1 168 172 227 245 110 128 164 164 218 218 145 149 124 126 234 260 168 180 202 204 182 182 126 140 146 148 194 208 140 162 194 210 250 258 234 238 10 10 186 188 166 180
148 1 168 178 233 245 100 134 162 166 216 216 145 151 130 136 252 260 148 160 202 204 -9 -9 132 138 142 164 194 204 154 154 204 208 244 246 236 236 8 12 188 188 148 176
149 1 166 184 233 245 114 134 164 164 206 218 145 147 130 132 250 256 168 176 200 202 182 192 130 138 142 148 196 206 136 150 204 204 254 258 238 240 2 12 184 196 174 186
150 1 170 170 237 241 128 134 164 164 204 206 147 149 132 132 258 260 166 174 202 202 182 192 126 132 146 160 196 196 154 164 196 206 252 254 230 238 6 14 188 190 150 168
151 1 166 168 231 237 102 116 164 166 216 218 147 149 128 130 252 254 166 180 202 204 184 194 122 124 146 160 198 204 138 156 -9 -9 258 258 234 234 2 14 188 198 176 186
152 1 168 176 233 245 124 134 164 166 206 208 149 149 126 136 252 258 154 184 204 204 182 202 140 140 146 148 198 198 138 144 204 204 250 252 234 240 2 2 186 188 172 176
153 1 182 186 227 233 102 128 164 166 206 218 147 153 128 130 258 260 160 170 202 202 184 194 134 136 164 172 198 204 152 152 206 210 248 254 234 238 2 2 184 200 172 172
154 1 168 184 231 233 112 140 164 164 216 218 137 149 124 136 254 254 154 168 202 202 184 190 126 134 146 164 198 200 156 170 208 210 242 246 230 234 8 12 186 196 174 192
155 1 168 178 239 241 128 140 164 164 206 218 145 147 94 126 260 260 166 174 202 202 182 190 114 126 164 164 206 216 152 162 206 206 228 258 234 240 10 12 198 200 172 176
156 1 168 172 231 233 130 130 164 166 216 216 137 149 138 144 256 262 152 174 202 204 184 192 122 134 142 146 194 200 138 152 204 206 242 254 236 236 8 12 196 198 176 188
157 1 168 176 227 227 130 130 164 166 216 218 149 149 126 130 254 262 174 176 200 204 190 192 128 134 144 146 204 206 152 152 206 206 250 250 234 234 10 10 186 188 178 178
158 1 168 172 229 245 126 130 164 164 206 216 149 149 126 128 256 258 158 160 202 202 182 192 128 140 144 146 198 204 152 162 206 206 248 260 236 238 2 12 190 196 176 190
159 1 176 186 231 233 124 130 164 164 206 208 137 153 130 136 256 262 178 184 202 204 182 184 126 138 148 160 196 198 170 170 204 206 258 258 238 238 10 12 190 194 148 186
160 1 172 186 215 229 126 130 166 168 208 218 149 153 128 138 252 260 174 178 200 204 182 202 -9 -9 146 164 194 202 140 150 194 204 248 254 232 234 2 10 186 188 174 192
161 1 168 184 245 245 124 128 164 164 206 206 145 149 126 130 260 262 148 184 200 204 182 186 126 140 146 164 198 202 140 154 194 206 -9 -9 230 238 10 10 -9 -9 -9 -9
162 1 168 178 233 235 114 126 164 164 206 218 149 149 124 134 234 260 166 180 202 204 182 190 134 134 148 174 194 202 138 154 202 204 246 250 234 238 2 10 188 200 148 182
163 1 182 184 233 233 116 136 164 164 206 206 147 147 124 132 256 262 160 180 204 204 182 194 126 138 164 168 194 202 152 154 202 204 250 252 230 240 8 12 196 200 148 174
164 1 178 184 229 239 110 126 164 166 214 216 145 149 126 130 234 260 176 180 202 202 182 184 124 140 164 164 198 200 138 170 204 204 252 252 236 236 10 12 188 192 150 178
165 1 168 168 239 245 114 140 164 164 204 206 137 147 132 132 256 260 168 180 202 202 184 190 124 140 146 148 204 210 138 164 -9 -9 250 250 234 236 10 10 200 -9 172 192
166 1 168 168 233 237 130 132 166 168 216 218 145 149 136 144 234 248 168 180 204 204 182 190 126 140 142 146 194 200 156 170 204 212 250 250 238 240 2 10 188 -9 182 182
167 1 168 174 233 245 138 140 164 166 216 218 147 147 130 132 256 256 168 168 202 204 184 190 118 138 148 160 198 204 152 164 194 206 242 250 234 234 2 2 188 -9 174 174
168 1 168 168 245 245 128 140 -9 -9 206 208 145 149 128 144 252 260 158 164 202 204 190 190 132 138 146 164 198 204 154 164 204 210 252 256 -9 -9 10 14 186 196 186 192
169 1 168 172 227 245 116 138 166 166 216 216 149 149 130 136 248 252 168 174 202 204 182 202 132 134 146 168 198 198 138 152 194 206 244 248 232 234 8 10 188 196 180 188
170 1 168 172 227 237 130 134 164 164 204 208 149 153 94 136 256 260 180 184 202 204 190 190 126 140 146 168 198 202 138 150 204 208 248 248 230 232 12 12 188 200 150 172
171 1 168 182 215 231 116 126 164 166 206 214 145 151 126 136 234 256 166 172 202 204 194 194 128 134 144 146 196 202 150 152 194 204 250 252 230 232 2 14 186 198 182 186
172 1 178 186 233 245 128 128 164 164 206 208 147 147 136 138 248 252 164 174 200 202 184 192 124 134 144 146 196 208 152 162 206 208 238 242 240 240 2 8 180 188 178 186
173 1 168 176 215 233 116 126 164 164 206 208 149 153 126 142 262 262 174 176 202 204 182 194 140 140 148 166 196 198 156 162 204 208 246 252 236 240 2 12 186 198 170 192
174 1 168 168 235 239 134 140 164 166 208 216 149 149 130 130 256 266 170 174 202 202 190 190 126 134 146 174 204 208 150 156 204 208 254 254 234 240 12 14 180 200 148 186
175 1 168 178 227 237 126 136 164 164 206 216 143 151 130 132 256 260 154 156 202 204 182 190 136 138 146 164 194 196 138 152 206 210 248 250 234 240 10 10 186 200 148 192
176 1 172 178 231 235 126 136 164 164 216 216 137 149 128 132 260 260 154 154 202 204 184 190 114 126 146 164 200 202 150 152 208 210 250 250 238 238 2 8 186 192 148 166
177 1 168 168 215 215 128 128 162 166 216 216 149 151 126 132 248 256 164 174 202 202 190 190 128 138 148 164 198 216 138 138 204 206 250 252 236 238 2 2 184 188 148 148
178 1 168 172 231 239 128 132 166 184 204 206 137 153 126 136 244 254 182 184 200 202 182 184 138 140 146 164 198 204 140 152 204 204 252 254 234 238 2 10 188 196 172 174
179 1 168 182 215 231 116 126 164 166 206 214 145 151 126 136 234 256 166 172 202 204 194 194 128 134 144 146 196 202 150 152 194 204 250 252 230 232 2 14 186 198 182 186
180 1 168 174 233 239 126 126 164 166 206 206 145 149 124 130 250 260 152 180 202 204 182 190 122 140 144 166 198 206 138 152 194 196 252 252 234 238 6 14 180 186 166 166
181 1 168 176 219 233 102 122 164 166 216 216 149 151 130 148 252 260 152 184 202 204 190 192 134 140 144 146 206 208 150 156 206 208 242 258 236 238 8 8 186 196 186 188
182 1 166 168 231 237 126 140 164 164 214 216 147 147 126 132 256 258 172 180 204 204 182 194 130 140 144 146 196 198 152 156 206 206 238 252 230 234 6 10 188 190 172 178
183 1 176 182 227 233 130 132 164 164 206 218 149 149 126 130 248 256 166 180 202 204 182 184 122 122 146 148 206 208 138 162 194 204 246 258 230 240 10 10 186 188 178 178
184 1 168 170 231 239 116 116 166 184 216 216 147 151 126 130 252 262 170 176 202 204 182 182 128 138 142 146 200 204 164 164 204 204 248 250 230 238 6 14 188 196 166 186
185 1 172 184 227 227 132 140 164 164 206 216 149 149 132 144 250 254 154 168 202 204 184 190 128 136 146 174 200 206 162 162 208 210 228 238 234 240 10 12 190 196 148 182
186 1 172 178 233 245 116 126 166 166 216 218 143 149 136 136 234 262 172 178 202 202 182 190 134 140 160 168 198 204 140 152 194 208 246 254 234 234 8 10 184 190 148 148
187 1 168 182 233 233 102 132 164 166 206 206 147 147 122 130 260 266 170 174 202 206 182 184 118 132 144 168 202 204 152 162 204 204 250 258 234 240 8 10 180 196 178 178
188 1 168 178 231 233 116 132 164 164 204 206 147 149 136 138 256 260 172 174 200 204 192 202 128 138 142 174 198 206 150 154 204 206 242 258 232 238 12 12 198 200 148 186
189 1 168 168 233 239 128 132 164 164 206 218 145 147 130 138 254 260 164 168 202 202 184 192 134 136 144 164 200 208 138 170 204 206 242 242 234 236 2 10 188 198 182 188
190 1 168 168 237 237 116 132 164 164 218 218 145 149 132 136 252 256 174 184 204 206 182 202 128 140 150 166 194 194 140 150 204 206 250 250 234 236 10 12 188 196 174 188
191 1 166 168 233 233 126 132 164 166 204 216 145 149 130 138 258 260 172 180 202 202 190 192 116 134 166 174 196 204 150 150 206 206 238 246 238 244 8 10 188 200 148 172
192 1 166 172 227 237 128 128 164 166 206 218 149 151 94 136 260 260 168 180 202 204 184 192 132 138 146 146 198 204 156 162 194 204 250 252 238 238 2 6 190 198 168 174
193 1 168 178 237 245 110 128 164 166 216 218 145 153 126 126 244 250 154 168 202 202 192 202 136 140 146 164 198 202 154 154 206 206 246 250 230 238 2 2 186 200 150 176
194 1 168 168 231 233 132 136 164 166 206 218 143 153 132 132 262 266 160 180 202 204 190 192 126 140 142 164 216 216 138 154 206 212 244 258 234 240 2 14 190 200 172 176
195 1 168 170 237 245 110 134 162 164 206 218 147 149 130 132 258 260 184 184 202 202 182 184 128 134 148 178 198 198 138 156 204 204 228 254 -9 -9 2 4 188 188 174 178
196 1 168 168 237 245 126 140 166 166 206 216 145 151 126 126 260 262 158 160 202 206 182 190 126 130 148 164 196 204 152 154 204 206 246 258 238 240 8 10 186 196 176 178
197 1 168 168 239 241 114 122 164 164 206 206 145 149 126 130 260 262 166 168 202 202 182 182 114 126 144 146 202 202 138 162 204 206 250 252 236 240 10 10 182 184 150 168
198 1 168 186 245 245 128 130 164 164 206 208 149 149 126 128 248 260 166 174 202 204 182 184 132 138 164 166 202 204 150 152 196 206 248 252 236 240 2 14 188 200 148 178
199 1 168 168 227 245 126 128 164 166 206 206 147 149 130 130 234 266 160 172 200 202 182 184 114 138 146 148 200 202 140 150 204 204 238 250 234 240 2 2 186 190 172 178
200 1 166 168 231 237 126 126 164 164 206 218 137 149 94 140 252 260 180 180 202 204 182 184 122 138 146 164 204 204 152 156 204 206 246 258 238 240 10 12 188 198 148 148
201 1 170 172 233 237 126 130 164 164 208 214 145 149 94 126 250 260 180 180 202 206 182 184 134 138 142 146 202 204 150 162 202 206 246 250 234 236 2 10 186 196 148 182
202 1 166 170 241 245 100 134 164 166 214 216 145 149 130 134 256 260 168 184 202 204 190 192 126 138 142 146 204 204 138 162 194 206 246 250 234 234 2 6 180 198 172 186
203 1 166 166 231 245 122 130 164 164 206 218 137 145 126 136 234 234 166 166 202 206 182 182 -9 -9 146 150 204 216 -9 -9 206 206 248 248 234 234 2 2 200 200 -9 -9
204 1 166 182 227 235 110 116 164 166 206 216 145 149 136 136 244 260 162 176 202 204 182 194 126 136 168 174 202 204 138 156 206 210 248 256 236 240 2 8 186 188 176 178
205 1 172 176 233 233 100 132 164 166 204 216 147 147 138 138 244 262 154 174 202 202 182 190 118 126 144 164 200 204 140 140 202 206 250 258 234 236 2 10 180 186 172 178
206 1 166 168 229 241 134 136 164 184 216 218 149 149 130 144 258 258 154 166 202 204 184 190 122 132 142 146 196 202 138 138 204 204 238 238 232 234 2 6 188 192 166 192
207 1 168 182 237 245 126 126 164 164 204 206 145 153 136 140 256 260 178 178 202 202 182 190 124 124 146 164 194 202 154 156 204 204 236 250 238 238 2 8 184 190 148 182
208 1 172 176 233 233 100 132 164 166 204 216 147 147 138 138 244 262 154 174 202 202 182 190 118 126 144 164 200 204 140 140 202 206 250 258 234 236 2 10 180 186 172 178
209 1 166 168 225 227 116 130 164 166 214 218 145 151 126 126 256 262 160 184 202 204 190 190 128 132 164 172 198 204 136 152 196 202 254 258 234 238 2 10 184 200 176 192
210 1 166 170 231 233 110 116 164 164 218 218 147 149 124 126 262 262 170 184 202 204 190 194 -9 -9 146 164 200 202 136 150 206 206 246 258 230 238 2 8 184 186 148 192
211 1 172 174 231 233 130 134 162 162 206 216 147 151 126 132 250 256 170 174 200 202 194 194 126 134 142 146 198 204 138 144 198 206 248 252 222 234 10 10 188 188 172 192
212 1 168 186 237 245 102 128 164 166 206 206 151 153 126 130 252 252 178 180 206 206 182 194 128 130 146 166 198 202 158 158 194 196 242 258 234 238 2 10 186 190 174 174
213 1 168 182 233 239 116 128 164 164 214 216 145 145 124 132 260 260 170 174 202 202 190 190 114 128 164 166 198 202 152 154 204 204 244 254 234 238 2 14 200 202 176 186
214 1 168 182 233 245 124 126 162 164 206 206 151 151 130 132 252 260 154 166 202 202 190 190 126 140 142 146 202 202 138 154 204 208 258 258 234 236 8 10 184 186 174 178
215 1 166 168 233 237 126 128 164 164 206 218 145 147 130 144 260 260 154 178 202 204 190 192 122 140 146 146 196 198 138 164 204 204 242 252 220 240 10 10 180 200 148 186
216 1 168 168 227 233 114 116 164 166 206 216 149 149 126 138 260 260 160 180 202 202 182 190 114 138 146 164 202 202 156 164 204 208 258 260 236 238 2 8 180 188 174 192
217 1 168 172 233 237 128 128 164 166 206 216 147 149 130 138 252 262 168 168 202 204 182 202 118 118 164 164 198 202 138 158 204 210 246 260 236 236 2 14 188 188 166 174
218 1 168 170 237 245 110 126 164 166 214 218 147 149 126 132 252 254 180 182 202 204 182 184 122 136 164 166 198 208 138 152 194 194 242 242 236 238 2 12 188 188 172 178
219 1 176 184 227 233 114 128 164 164 216 216 149 153 124 140 260 260 158 180 202 204 182 202 124 136 146 146 200 200 164 170 194 206 238 252 238 240 10 12 188 198 182 188
220 1 168 172 231 245 126 136 164 166 216 218 137 147 130 136 258 262 154 182 202 202 182 190 114 126 164 164 194 200 138 170 194 198 248 248 230 234 2 6 180 186 148 148
221 1 168 176 215 239 128 138 164 164 206 206 147 149 132 142 260 266 152 178 202 202 182 190 118 122 144 146 204 208 152 154 204 204 248 250 238 238 2 12 188 190 172 174
222 1 168 174 227 231 130 132 164 166 206 208 147 149 132 144 256 260 172 180 200 202 184 192 116 126 146 168 198 202 164 164 196 210 250 252 238 240 8 10 180 190 172 176
223 1 -9 -9 -9 -9 -9 -9 166 166 206 216 -9 -9 -9 -9 -9 -9 -9 -9 -9 -9 -9 -9 -9 -9 -9 -9 -9 -9 -9 -9 -9 -9 -9 -9 -9 -9 -9 -9 -9 -9 -9 -9
224 1 178 178 233 237 102 136 164 166 206 216 137 145 132 138 254 258 148 164 200 202 184 192 132 140 146 164 200 202 152 152 -9 -9 244 254 234 240 2 10 188 190 182 188
225 1 168 168 239 245 132 140 164 164 206 216 147 151 132 138 254 260 176 182 202 204 184 192 128 140 144 164 198 200 154 156 204 206 242 242 234 234 2 10 180 188 176 182
226 1 166 182 233 237 124 130 164 164 216 218 145 147 132 132 256 256 156 180 202 204 184 190 130 134 146 166 198 202 156 156 204 210 246 258 236 240 2 12 188 188 174 182
227 1 168 178 245 245 116 140 164 166 216 218 147 149 132 132 248 256 154 164 204 204 182 184 128 134 166 174 202 204 150 150 204 204 248 252 236 240 2 12 180 186 174 182
228 1 176 176 233 241 114 130 164 166 206 218 147 149 124 136 244 252 152 154 200 202 182 190 116 138 146 174 198 200 162 162 194 206 250 250 232 240 2 10 182 200 178 188
229 1 168 178 233 239 126 134 164 166 214 216 147 149 138 140 256 260 168 180 202 202 184 192 128 132 164 164 202 208 150 156 204 208 242 258 234 238 12 12 188 188 172 172
230 1 166 182 237 237 126 140 164 164 216 216 143 149 132 138 252 260 164 178 202 204 184 192 126 134 142 164 200 204 154 162 204 208 248 250 238 240 2 10 180 188 172 174
231 1 168 182 215 245 126 132 164 166 218 218 149 153 138 142 244 260 166 180 202 202 182 182 128 138 164 166 198 208 152 156 208 210 242 244 234 234 8 10 186 196 174 178
232 1 168 182 227 233 130 140 164 164 216 218 147 149 138 144 250 252 178 180 202 202 182 190 126 134 146 146 202 208 138 152 204 208 250 258 236 236 10 10 188 198 172 178
233 1 168 168 227 245 126 132 164 166 206 206 145 145 132 142 258 260 154 184 -9 -9 182 182 132 138 142 146 204 214 138 152 204 206 258 258 234 236 8 14 188 196 148 174
234 1 168 174 219 233 122 132 164 166 206 218 137 145 126 132 254 260 160 180 202 204 182 182 136 138 142 148 202 208 138 138 204 204 242 250 240 244 12 14 186 190 150 174
235 1 166 178 227 241 134 140 164 164 216 216 149 149 126 132 248 256 154 180 202 202 194 194 132 140 160 160 194 206 138 152 206 206 250 252 236 238 2 14 186 188 150 178
236 1 168 168 215 229 126 128 164 164 206 206 147 153 126 132 252 254 160 184 202 204 182 194 118 122 146 160 196 200 138 154 196 204 248 258 230 238 10 10 182 200 148 178
237 1 168 178 231 245 126 128 162 166 206 206 149 151 130 132 250 260 154 170 202 204 182 184 134 138 142 146 198 216 154 154 206 210 248 252 236 238 2 14 180 198 148 166
238 1 168 174 227 237 124 128 164 164 206 216 145 147 136 140 260 262 152 172 202 202 184 194 122 140 144 174 200 208 150 152 204 204 248 258 234 244 2 10 186 196 148 172
239 1 168 168 215 245 114 116 164 164 206 218 145 149 132 144 256 262 170 172 202 204 184 194 124 134 164 164 198 202 152 152 194 202 246 252 234 234 2 2 188 200 176 188
240 1 168 168 237 237 128 128 164 166 208 216 137 149 132 138 256 258 154 178 200 202 182 184 126 132 164 164 200 202 140 154 204 208 250 252 238 238 10 14 180 200 148 190
241 1 168 172 227 233 128 140 164 164 204 216 149 151 132 132 244 244 168 176 202 202 184 190 134 140 144 150 202 206 138 162 194 204 238 254 234 238 10 10 184 198 148 188
242 1 168 172 227 233 124 128 164 166 208 216 147 149 126 132 262 262 168 174 202 204 182 190 134 140 146 150 194 202 140 140 202 202 242 252 232 234 2 10 200 200 176 188
243 1 168 172 215 233 102 116 164 164 218 218 145 147 138 138 252 262 174 180 202 202 182 190 128 138 142 148 198 198 138 138 204 208 246 250 234 238 6 10 188 188 150 178
244 1 168 168 233 239 114 136 164 166 206 206 145 151 136 144 248 260 176 180 200 204 190 194 128 132 160 174 202 204 150 152 196 206 250 258 234 238 2 2 186 198 150 174
245 1 168 182 227 241 126 130 164 166 206 218 145 149 134 136 252 258 160 170 202 202 182 182 140 140 164 164 200 202 156 156 206 206 250 252 236 238 2 10 180 188 148 166
246 1 170 186 219 233 126 130 166 166 216 218 147 149 126 132 250 254 148 182 202 202 182 192 126 134 142 164 204 206 154 156 202 202 248 250 230 240 8 10 186 200 178 178
