id	pop	Locus_Hg14_a	Locus_Hg14_b	Locus_Hg23_a	Locus_Hg23_b	Locus_Hg36_a	Locus_Hg36_b	Locus_Hg42_a	Locus_Hg42_b	Locus_Hg610_a	Locus_Hg610_b	Locus_Hg89_a	Locus_Hg89_b	Locus_Hg810_a	Locus_Hg810_b	Locus_Hgdii_a	Locus_Hgdii_b	Locus_Hgl15_a	Locus_Hgl15_b	Locus_Pvc19_a	Locus_Pvc19_b	Locus_Pvc26_a	Locus_Pvc26_b	Locus_Pvc30_a	Locus_Pvc30_b	Locus_Pvc78_a	Locus_Pvc78_b	Locus_SGPv9_a	Locus_SGPv9_b	Locus_SGPv10_a	Locus_SGPv10_b	Locus_SGPv11_a	Locus_SGPv11_b	Locus_SGPv16_a	Locus_SGPv16_b
1	L1501	Lake Lagoda	187	187	114	124	108	108	132	142	160	173	188	204	186	188	200	222	141	153	110	118	107	107	187	187	139	141	161	161	135	141	154	154	117	117
2	L1683	Lake Lagoda	188	188	120	120	981	100	134	157	158	171	190	204	184	186	220	220	129	129	118	120	105	107	177	185	139	139	161	161	145	151	156	156	123	133
3	L1684	Lake Lagoda	189	191	114	120	108	108	134	134	146	152	188	196	186	186	208	218	129	155	110	118	105	107	185	185	139	139	161	161	141	153	156	174	117	119
4	L1_94	Lake Lagoda	187	187	114	114	108	108	134	156	152	152	190	204	188	190	218	222	161	163	110	116	105	105	179	189	141	149	161	165	139	141	154	177	117	119
5	L2195	Lake Lagoda	188	188	116	122	100	108	134	154	150	164	190	194	186	186	218	220	157	157	110	118	105	109	171	185	139	149	161	161	135	141	154	156	117	119
6	L2202	Lake Lagoda	187	195	124	124	108	108	140	156	146	178	194	198	186	186	218	222	151	153	114	120	107	107	185	185	139	139	161	161	143	151	156	177	119	125
7	L2308	Lake Lagoda	189	189	124	126	104	104	150	156	152	152	194	204	186	186	218	220	153	161	110	118	105	107	171	185	137	149	161	161	145	153	154	156	117	123
8	L2_94	Lake Lagoda	186	187	114	114	100	106	134	142	150	152	188	190	186	190	200	214	129	155	110	118	105	107	171	173	139	149	161	169	135	139	154	154	117	119
9	L3_94	Lake Lagoda	190	190	116	124	102	108	134	156	150	173	188	194	186	186	200	208	147	151	118	120	105	107	167	173	137	139	161	161	143	149	156	158	117	117
10	LI_92	Lake Lagoda	189	189	124	124	108	108	134	150	156	180	190	192	186	188	200	220	143	153	116	118	105	107	171	185	139	143	161	171	139	157	152	156	117	133
11	LM12	Lake Lagoda	187	189	124	124	960	96	154	156	150	152	196	200	186	188	200	200	157	171	110	118	105	105	179	185	137	149	161	161	139	141	152	154	117	121
12	LM13	Lake Lagoda	186	189	120	132	108	108	156	156	152	173	190	202	186	188	208	218	155	163	118	118	105	105	179	185	141	147	161	161	147	147	154	154	117	121
13	LM14	Lake Lagoda	191	191	124	124	981	100	132	134	152	152	188	194	186	186	200	222	145	169	118	118	105	107	177	185	139	139	161	161	139	141	156	156	117	133
14	LM15	Lake Lagoda	191	191	120	126	961	108	134	156	164	178	190	194	186	188	222	222	129	155	118	118	103	105	171	179	139	149	161	167	141	145	154	169	123	133
15	LM16	Lake Lagoda	188	188	110	114	108	108	132	134	152	160	200	208	188	188	200	200	159	167	106	118	105	107	171	171	139	141	161	161	141	153	156	156	117	119
16	LM17	Lake Lagoda	189	189	122	124	102	102	148	156	152	158	194	198	186	188	200	218	147	159	112	118	107	109	187	189	139	149	161	161	141	141	154	158	123	133
