id	pop	Locus_Lc28_a	Locus_Lc28_b	Locus_Pv9_a	Locus_Pv9_b	Locus_PvcA_a	Locus_PvcA_b	Locus_G1A_a	Locus_G1A_b	Locus_Hg42_a	Locus_Hg42_b	Locus_Pv11_a	Locus_Pv11_b	Locus_Hg63_a	Locus_Hg63_b	Locus_HI16_a	Locus_HI16_b	Locus_Hg61_a	Locus_Hg61_b	Locus_M11a_a	Locus_M11a_b	Locus_Lc5_a	Locus_Lc5_b	Locus_Hg810_a	Locus_Hg810_b	Locus_ZcwC03_a	Locus_ZcwC03_b	Locus_ZcCgDh18_a	Locus_ZcCgDh18_b	Locus_ZcCgDh36_a	Locus_ZcCgDh36_b	Locus_ZcCgDh516_a	Locus_ZcCgDh516_b	Locus_OrrFCB1_a	Locus_OrrFCB1_b	Locus_OrrFCB7_a	Locus_OrrFCB7_b	Locus_ZcCgDh58_a	Locus_ZcCgDh58_b	Locus_OrrFCB24_a	Locus_OrrFCB24_b	Locus_ZcwE03_a	Locus_ZcwE03_b
1	P1	Sandy Bay, Enderby	138	142	175	177	154	156	185	189	156	160	173	173	230	246	141	141	150	154	172	173	160	164	186	186	-9	-9	132	132	229	235	228	244	208	208	204	210	340	340	159	166	210	210
2	P2	Sandy Bay, Enderby	136	140	175	177	152	154	185	189	149	160	169	175	246	250	154	154	150	154	170	172	160	162	186	190	251	260	187	187	237	237	218	238	196	196	208	212	340	340	172	172	210	214
3	P3	Sandy Bay, Enderby	136	142	177	177	154	156	185	189	160	160	175	175	246	248	152	154	150	154	170	172	156	160	186	186	249	249	187	187	237	239	226	230	192	198	204	210	338	342	164	172	210	210
4	P4	Sandy Bay, Enderby	136	140	175	177	152	156	189	189	160	160	173	175	246	248	152	152	150	150	170	170	156	160	186	186	249	249	187	187	237	239	228	232	194	208	206	212	332	340	159	172	210	212
5	P5	Sandy Bay, Enderby	136	136	177	177	152	152	185	185	160	162	169	173	230	244	147	154	150	152	168	172	156	160	186	193	-9	-9	132	132	229	237	224	236	194	196	204	204	340	342	159	172	210	214
6	P6	Sandy Bay, Enderby	136	138	177	177	154	156	189	189	160	160	173	175	230	248	146	152	156	164	168	170	156	160	186	190	249	262	187	187	235	237	214	236	192	192	204	204	338	338	166	172	210	210
7	P7	Sandy Bay, Enderby	136	142	171	175	152	154	189	189	156	160	169	169	244	246	147	152	152	156	172	172	156	160	186	188	249	264	187	187	231	237	224	236	192	198	204	206	332	340	172	172	210	216
8	P8	Sandy Bay, Enderby	136	142	177	177	154	156	185	189	156	160	171	173	246	246	154	154	154	156	170	172	160	160	186	186	258	264	187	187	231	235	218	226	180	194	204	206	340	340	164	172	210	210
9	P9	Sandy Bay, Enderby	136	136	175	177	152	158	189	193	156	160	173	175	242	250	152	154	150	152	168	170	160	160	186	186	264	264	187	187	237	237	222	230	192	192	206	212	338	340	159	172	210	212
10	P10	Sandy Bay, Enderby	138	140	175	177	148	156	185	189	160	162	169	169	242	246	147	154	150	150	172	172	160	164	186	188	249	260	187	187	231	237	226	244	192	198	204	208	338	340	166	172	212	214
11	P11	Sandy Bay, Enderby	136	140	175	177	148	152	189	189	149	158	175	175	242	248	147	154	150	150	170	172	156	160	186	186	-9	-9	187	187	231	237	214	222	198	200	206	210	332	340	166	174	210	210
12	P12	Sandy Bay, Enderby	136	142	175	175	154	156	185	189	158	162	175	175	246	250	147	154	150	150	172	172	160	160	186	190	249	264	187	187	235	239	226	230	196	200	204	206	340	340	166	166	210	214
13	P13	Sandy Bay, Enderby	136	142	177	177	154	156	189	189	151	162	177	177	246	246	146	146	164	164	170	170	156	156	186	186	251	264	187	187	237	239	214	214	192	200	210	212	338	340	164	166	210	214
14	P14	Sandy Bay, Enderby	140	142	173	175	154	156	185	189	160	160	173	177	246	246	141	147	150	150	168	170	160	160	186	190	249	264	187	187	237	239	214	214	198	198	204	208	330	332	159	174	210	214
15	P15	Sandy Bay, Enderby	136	142	177	177	154	154	185	189	158	160	173	173	230	248	141	146	150	154	170	170	156	160	186	186	249	260	187	187	237	239	210	238	192	192	202	204	330	340	166	166	210	212
16	P16	Sandy Bay, Enderby	136	140	175	177	152	152	185	189	151	162	169	175	246	246	147	152	150	150	172	172	160	160	186	186	249	260	187	187	231	235	218	222	192	198	204	206	332	340	166	168	210	214
17	P17	Sandy Bay, Enderby	136	142	177	177	152	160	189	189	160	162	169	175	246	248	147	152	150	150	170	173	160	160	186	188	264	264	187	187	231	231	214	222	198	200	204	212	330	340	160	172	210	210
18	P18	Sandy Bay, Enderby	136	140	175	177	152	154	185	189	149	160	173	173	230	246	152	154	152	158	170	172	160	160	186	188	249	264	187	187	231	237	222	222	194	208	206	212	336	340	159	174	210	210
19	P19	Sandy Bay, Enderby	136	142	177	177	150	152	189	189	149	162	173	173	246	246	147	154	150	150	170	173	156	160	186	186	260	264	187	187	237	237	218	242	192	198	208	210	338	340	172	174	212	214
20	P20	Sandy Bay, Enderby	138	140	175	177	150	154	185	185	162	162	173	177	246	250	154	154	150	150	172	172	160	160	186	186	249	260	187	187	231	237	226	226	192	208	204	212	332	340	160	160	210	214
21	P21	Sandy Bay, Enderby	140	142	175	177	152	154	185	189	149	153	173	173	242	246	147	147	150	154	172	172	160	162	186	188	249	260	187	187	231	237	222	226	192	198	202	206	328	340	166	172	210	210
22	P22	Sandy Bay, Enderby	138	140	177	177	156	158	185	189	160	162	173	175	230	246	152	154	152	158	170	170	156	160	186	188	249	260	187	187	231	237	222	230	192	198	204	206	330	340	160	164	210	210
23	P23	Sandy Bay, Enderby	136	140	175	177	152	156	185	187	156	160	169	173	246	248	147	154	150	150	170	172	160	160	186	186	249	264	187	187	235	237	218	230	192	192	204	210	330	338	160	172	210	214
24	P24	Sandy Bay, Enderby	138	140	175	177	152	152	189	189	149	153	177	179	246	246	154	154	150	150	170	170	160	160	186	186	260	265	132	132	229	229	214	218	192	194	202	206	332	340	159	166	210	212
25	P25	Sandy Bay, Enderby	140	142	175	177	152	154	189	189	156	160	171	173	248	248	147	152	150	154	170	170	160	160	186	190	-9	-9	187	187	237	237	226	234	194	198	204	206	338	340	166	174	210	214
26	P26	Sandy Bay, Enderby	140	142	175	177	152	152	185	189	156	160	173	175	230	248	150	152	150	152	170	172	156	160	186	186	249	264	187	187	231	231	226	230	192	198	206	208	340	340	172	174	210	214
27	P28	Sandy Bay, Enderby	136	138	173	175	152	156	185	185	158	160	173	173	242	246	154	163	150	150	170	172	160	160	186	186	249	262	187	187	237	237	230	230	180	192	202	204	332	340	159	172	210	210
28	P29	Sandy Bay, Enderby	136	138	177	177	150	156	185	185	156	160	169	173	242	248	147	154	150	154	170	172	160	160	186	190	260	264	187	187	237	237	218	218	180	198	206	212	338	340	159	164	210	210
29	P30	Sandy Bay, Enderby	136	140	177	177	148	152	185	193	160	160	175	175	246	246	146	147	150	156	172	172	160	160	188	190	249	260	187	187	231	239	214	226	192	198	202	204	332	338	164	172	210	210
30	P31	Sandy Bay, Enderby	138	142	177	177	154	156	189	189	151	160	173	173	246	250	147	147	150	156	168	172	160	160	186	186	251	251	132	132	229	233	216	232	180	198	204	206	340	340	166	172	210	210
31	P32	Sandy Bay, Enderby	140	142	177	177	152	152	187	189	156	160	175	177	246	246	147	147	150	158	170	172	156	160	186	190	249	258	187	187	231	237	226	226	192	192	204	204	326	330	160	174	210	214
32	P33	Sandy Bay, Enderby	136	140	175	177	152	152	189	189	156	160	173	173	242	246	147	147	150	156	170	170	156	160	186	186	260	260	187	187	231	231	-9	-9	192	208	206	212	330	340	159	172	210	216
33	P34	Sandy Bay, Enderby	136	142	175	177	152	156	185	189	160	160	173	177	246	246	154	154	156	164	170	170	160	160	186	190	249	251	187	187	239	239	214	234	192	208	210	212	338	340	168	172	210	214
34	P35	Sandy Bay, Enderby	136	140	175	177	148	154	189	189	149	160	173	175	246	246	147	154	150	164	170	170	160	160	186	186	260	264	187	187	231	237	218	226	192	198	210	212	338	342	166	168	214	214
35	P36	Sandy Bay, Enderby	140	140	177	177	154	156	185	189	149	149	175	175	246	248	152	154	150	156	170	170	160	160	186	186	251	262	132	132	229	235	210	244	192	198	210	212	340	342	168	172	210	214
36	P37	Sandy Bay, Enderby	138	142	175	175	152	152	189	189	149	162	169	173	242	248	146	147	150	152	172	172	160	164	186	186	-9	-9	132	132	235	235	220	232	192	198	208	210	326	330	166	174	212	214
37	P38	Sandy Bay, Enderby	136	140	175	177	152	156	189	189	160	162	173	175	246	246	152	154	150	150	168	170	156	160	186	186	249	251	187	187	237	239	210	214	180	200	204	206	338	340	160	174	210	214
38	P39	Sandy Bay, Enderby	136	140	175	177	152	154	189	189	158	160	173	175	242	248	152	154	150	150	172	173	160	164	186	186	249	264	187	187	237	237	214	222	192	194	204	210	332	342	162	172	210	214
39	P40	Sandy Bay, Enderby	142	142	177	177	148	152	189	193	160	160	169	179	246	246	154	154	150	154	170	170	160	160	186	186	249	249	187	187	231	239	226	230	192	200	204	206	328	332	160	174	210	216
40	P41	Sandy Bay, Enderby	140	140	175	177	154	156	185	185	160	160	169	175	230	250	147	154	154	156	172	172	160	164	186	190	249	264	187	187	231	237	226	226	192	198	204	206	332	340	160	164	210	212
41	P42	Sandy Bay, Enderby	136	136	177	177	152	156	189	189	160	162	169	177	246	246	152	152	150	164	170	172	160	160	186	190	264	264	187	187	231	239	214	224	192	196	206	208	340	340	170	170	210	214
42	P43	Sandy Bay, Enderby	140	142	177	177	154	156	189	193	160	162	169	175	244	248	147	154	150	164	170	170	156	160	184	186	260	260	187	187	239	239	218	242	194	200	204	208	340	342	160	172	210	216
43	P44	Sandy Bay, Enderby	140	142	177	177	152	154	185	185	151	160	169	173	246	248	152	152	150	150	170	172	160	160	186	190	249	260	187	187	237	239	218	226	198	200	206	212	332	340	159	168	210	212
44	P45	Sandy Bay, Enderby	140	142	175	177	152	156	185	185	156	160	173	173	246	246	154	154	150	152	170	170	160	160	186	190	249	264	187	187	231	235	214	230	192	198	202	206	340	340	164	164	210	214
45	P46	Sandy Bay, Enderby	136	140	175	175	152	162	189	189	160	162	169	175	250	250	147	152	150	158	170	172	160	164	188	190	251	265	132	132	233	235	226	226	196	200	204	204	340	342	164	172	210	210
46	P47	Sandy Bay, Enderby	140	142	175	177	148	154	189	189	156	160	175	177	246	250	160	160	150	154	170	172	160	160	188	190	249	249	187	187	237	237	214	226	180	198	202	204	338	340	166	172	210	210
47	P48	Sandy Bay, Enderby	136	136	175	175	148	152	185	185	156	166	173	175	230	248	154	154	150	150	170	170	160	160	186	190	-9	-9	132	132	229	233	210	236	192	192	204	204	340	340	162	164	210	214
48	P49	Sandy Bay, Enderby	140	140	175	177	152	152	185	185	149	160	169	175	246	250	152	154	150	164	172	172	160	160	186	188	248	258	187	187	231	239	210	226	196	196	202	206	330	332	166	172	210	210
49	P50	Sandy Bay, Enderby	136	140	177	177	152	156	185	189	153	160	169	175	250	250	147	152	150	152	170	172	156	160	186	190	249	264	187	187	231	239	214	226	192	200	204	208	338	340	157	170	210	214
50	P51	Sandy Bay, Enderby	140	140	175	175	152	152	185	187	151	156	173	175	242	246	152	163	150	154	168	172	160	160	186	190	249	264	187	187	231	235	214	226	198	208	204	210	330	336	166	174	212	214
51	P52	Sandy Bay, Enderby	136	140	177	177	148	154	185	185	156	169	173	175	246	248	147	154	152	164	170	172	160	160	186	186	248	262	187	187	231	237	222	226	192	192	204	210	340	342	159	166	210	214
52	P53	Sandy Bay, Enderby	136	140	175	177	152	152	189	193	149	160	173	173	246	246	147	152	150	154	170	170	156	160	186	186	249	260	187	187	231	237	210	222	192	198	204	204	332	342	164	172	210	214
53	P54	Sandy Bay, Enderby	140	142	175	177	154	156	187	193	151	162	173	175	246	246	147	154	152	152	172	173	160	160	186	186	248	258	132	132	235	235	228	228	192	208	204	208	332	338	160	174	214	216
54	P55	Sandy Bay, Enderby	140	140	177	177	152	154	189	189	162	162	169	173	230	246	147	154	150	154	168	172	160	164	186	186	-9	-9	132	132	229	233	226	238	192	196	204	210	340	340	157	162	210	214
55	P56	Sandy Bay, Enderby	138	140	175	177	148	152	185	189	160	160	173	177	242	246	147	152	150	158	172	172	160	160	186	190	260	264	187	187	235	237	214	218	198	200	204	210	338	340	170	170	210	210
56	P57	Sandy Bay, Enderby	136	142	177	177	154	154	185	189	160	160	171	173	246	246	150	154	150	158	170	172	160	160	186	186	249	249	187	187	235	237	210	228	194	200	210	210	332	344	160	166	210	210
57	P58	Sandy Bay, Enderby	138	140	177	177	154	156	187	189	160	160	171	175	246	248	152	154	150	154	168	170	156	160	186	190	251	264	187	187	231	237	214	230	192	194	204	206	340	340	159	174	210	214
58	P59	Sandy Bay, Enderby	140	142	171	175	152	154	185	189	160	162	173	177	242	246	147	152	150	154	168	173	160	164	186	190	249	258	187	187	235	237	210	222	192	194	204	206	328	342	164	170	210	210
59	P60	Sandy Bay, Enderby	136	138	175	175	152	154	185	189	160	160	173	173	246	246	154	154	150	150	170	172	160	160	186	186	249	264	187	187	231	235	226	226	192	200	204	210	340	340	172	172	210	210
60	P61	Sandy Bay, Enderby	136	142	177	177	152	154	185	189	160	162	173	173	246	250	147	152	152	156	168	172	160	160	186	186	260	264	187	187	239	239	234	238	192	196	204	212	334	340	157	164	210	214
61	P62	Sandy Bay, Enderby	136	142	177	177	152	154	189	193	149	164	171	177	244	248	152	154	150	150	170	170	160	160	186	188	260	262	187	187	235	237	214	218	192	196	202	212	338	340	159	174	210	214
62	P63	Sandy Bay, Enderby	140	140	175	177	152	154	185	185	158	160	173	175	230	246	147	154	150	150	170	172	160	160	186	188	260	260	187	187	231	231	218	226	194	198	202	212	332	332	157	164	210	210
63	P64	Sandy Bay, Enderby	136	140	177	177	152	152	185	189	151	162	175	179	242	246	152	154	150	152	170	173	160	164	186	186	251	265	132	132	235	235	214	228	180	196	206	206	328	340	159	168	210	210
64	P65	Sandy Bay, Enderby	136	142	175	175	154	154	189	189	166	177	173	179	244	250	152	156	150	150	170	170	160	160	186	188	249	260	187	187	231	237	230	234	192	198	204	206	338	342	157	170	210	214
65	P66	Sandy Bay, Enderby	136	140	175	177	154	156	185	185	158	162	169	169	246	246	147	152	150	150	170	172	156	160	186	190	249	258	187	187	237	239	210	222	194	196	204	212	340	340	168	172	210	210
66	P67	Sandy Bay, Enderby	136	140	177	177	148	152	185	185	149	160	169	171	242	250	146	147	150	152	170	172	160	160	186	186	260	264	187	187	231	231	210	230	192	192	206	206	338	344	172	174	210	214
67	P68	Sandy Bay, Enderby	136	140	177	177	152	152	185	189	153	160	173	175	244	248	147	152	150	150	172	172	160	160	186	190	260	264	187	187	239	239	226	230	196	200	206	206	332	340	170	172	210	214
68	P69	Sandy Bay, Enderby	140	142	177	177	152	154	185	185	151	160	169	173	246	248	152	152	150	166	170	172	160	160	186	190	249	260	187	187	237	239	218	226	198	200	206	212	332	340	157	166	210	212
69	P70	Sandy Bay, Enderby	136	136	177	177	152	152	185	189	149	162	175	175	250	250	147	152	150	152	168	170	160	160	186	188	249	249	187	187	231	239	226	230	192	198	208	212	340	340	170	172	210	214
70	P71	Sandy Bay, Enderby	136	140	175	175	152	154	185	189	160	160	173	173	246	246	147	152	150	154	168	170	160	160	186	188	249	249	187	187	237	237	214	218	192	200	204	204	340	340	162	170	210	214
71	P72	Sandy Bay, Enderby	138	140	175	175	148	152	185	193	149	162	175	175	242	248	147	150	150	166	170	172	160	164	190	190	249	262	132	132	233	235	210	218	192	208	206	208	340	340	159	162	210	214
72	P73	Sandy Bay, Enderby	140	140	175	177	152	152	187	189	156	160	173	173	250	250	152	154	150	156	172	172	160	160	186	190	260	265	132	132	235	235	214	228	192	196	202	204	338	342	164	174	210	210
73	P74	Sandy Bay, Enderby	136	140	177	177	152	156	185	189	160	162	169	175	250	250	152	154	150	150	172	172	160	160	186	188	262	264	187	187	231	237	218	226	192	194	204	206	332	332	157	164	210	210
74	P75	Sandy Bay, Enderby	140	142	175	177	152	154	187	189	160	160	175	177	246	246	150	165	150	158	168	172	160	160	186	186	249	249	187	187	231	237	226	226	192	192	210	210	330	340	159	162	210	210
75	P76	Sandy Bay, Enderby	138	142	175	177	152	154	185	189	149	160	173	175	242	246	147	154	150	150	170	172	160	160	186	186	258	260	187	187	231	237	222	234	196	200	202	206	328	332	164	164	210	214
76	P77	Sandy Bay, Enderby	136	140	175	177	152	152	185	185	164	164	173	175	250	250	147	154	150	156	170	170	160	160	186	186	260	264	187	187	237	237	222	226	200	200	204	204	328	340	159	172	210	210
77	P78	Sandy Bay, Enderby	136	140	177	177	152	156	189	189	149	162	175	175	230	248	152	156	152	154	172	172	160	160	186	190	248	262	132	132	235	239	218	230	192	198	204	206	340	340	159	172	214	214
78	P79	Sandy Bay, Enderby	136	138	175	177	152	154	185	185	160	162	173	175	246	248	152	165	152	156	172	172	160	164	186	186	-9	-9	132	132	235	237	222	226	192	192	204	206	330	342	160	164	210	210
79	P80	Sandy Bay, Enderby	136	140	175	177	154	156	185	187	149	158	169	173	242	248	147	154	150	150	172	172	160	160	186	186	260	260	187	187	231	237	222	234	192	192	204	204	338	340	172	174	210	210
80	P81	Sandy Bay, Enderby	140	140	175	175	154	154	185	189	156	162	173	175	230	246	147	154	150	150	172	172	156	160	186	188	260	262	187	187	231	239	226	226	192	196	202	212	328	340	159	170	210	210
81	P82	Sandy Bay, Enderby	136	140	175	177	152	156	189	189	160	162	173	175	246	246	147	147	152	154	168	170	160	164	186	190	249	249	187	187	231	235	218	226	192	192	204	206	332	340	159	164	210	214
82	P83	Sandy Bay, Enderby	136	140	175	175	152	154	187	189	160	164	169	173	230	246	152	154	150	150	170	173	160	160	186	186	260	264	187	187	237	237	214	218	192	192	206	206	328	332	157	164	210	210
83	P84	Sandy Bay, Enderby	140	140	177	177	152	156	185	189	156	164	173	175	246	248	152	154	150	150	168	173	156	160	186	186	264	264	187	187	235	237	218	218	194	208	204	210	332	332	159	160	210	210
84	P85	Sandy Bay, Enderby	140	142	175	177	152	152	185	185	160	164	173	175	246	250	147	147	150	152	170	172	160	160	186	188	249	260	187	187	237	239	210	222	198	198	208	208	332	340	166	174	210	212
85	P86	Sandy Bay, Enderby	136	136	175	177	154	154	185	187	149	149	169	175	242	246	147	154	150	150	170	170	160	160	186	186	260	264	187	187	231	239	226	234	192	192	204	204	332	338	164	166	210	210
86	P87	Sandy Bay, Enderby	140	140	175	175	156	156	189	189	153	160	173	175	242	246	147	154	150	158	172	173	160	160	186	186	260	264	187	187	237	237	214	230	192	200	206	206	328	340	172	172	210	214
87	P88	Sandy Bay, Enderby	136	140	177	177	156	156	185	189	160	162	173	175	246	246	152	152	150	152	170	173	160	162	186	190	260	265	187	187	235	237	226	226	192	192	204	206	332	340	166	168	210	214
88	P89	Sandy Bay, Enderby	140	140	175	177	152	154	189	189	156	162	169	173	242	246	147	152	150	152	170	172	160	160	186	186	260	264	187	187	237	237	210	214	192	198	204	210	330	332	166	174	210	212
89	P90	Sandy Bay, Enderby	136	140	177	177	152	156	185	185	158	158	169	179	246	250	147	152	150	154	168	170	160	160	186	190	251	260	187	187	231	231	218	226	192	196	208	210	330	340	160	174	210	214
90	P91	Sandy Bay, Enderby	136	140	175	175	154	156	185	185	158	160	173	177	248	250	152	152	150	154	170	170	156	164	186	186	258	260	187	187	231	237	222	226	192	198	204	206	332	340	159	166	210	210
91	P92	Sandy Bay, Enderby	138	140	175	177	156	156	189	193	156	156	173	177	230	246	147	152	150	154	170	172	156	160	186	186	249	262	187	187	237	237	226	230	194	208	204	210	332	340	168	172	210	210
92	P93	Sandy Bay, Enderby	136	142	175	177	148	152	189	189	160	162	175	175	242	248	147	147	152	156	172	172	160	160	186	190	249	258	187	187	237	237	218	222	192	198	202	212	332	340	160	166	210	214
93	P94	Sandy Bay, Enderby	140	140	175	175	152	152	185	189	162	164	175	175	246	246	147	152	150	152	172	172	156	160	186	190	258	260	187	187	235	237	226	230	192	198	210	212	332	340	160	172	210	216
94	P96	Sandy Bay, Enderby	136	140	177	177	156	156	185	189	149	160	175	177	246	246	147	154	150	152	170	172	160	160	186	186	249	260	187	187	239	239	214	226	198	208	202	212	338	338	172	172	210	210
95	P97	Sandy Bay, Enderby	140	140	177	177	148	152	189	189	160	162	169	175	246	250	147	152	156	156	170	170	156	160	186	188	260	264	187	187	235	237	210	222	192	196	204	204	338	340	159	172	210	214
96	P98	Sandy Bay, Enderby	136	142	175	177	152	156	189	189	160	162	175	179	250	250	147	152	150	156	170	172	156	160	186	186	251	262	187	187	237	239	226	230	192	208	206	210	332	340	166	174	210	210
97	P99	Sandy Bay, Enderby	140	140	177	177	150	152	189	189	153	156	173	175	230	248	147	152	150	164	170	172	160	160	188	190	260	260	187	187	231	237	214	230	194	196	202	206	330	340	159	172	210	210
98	P101	Sandy Bay, Enderby	136	136	177	177	152	154	185	193	156	160	173	175	244	248	152	154	150	156	170	172	160	160	186	186	249	260	187	187	235	237	218	226	180	208	202	212	338	340	160	172	210	210
99	P102	Sandy Bay, Enderby	140	140	175	177	156	156	189	189	160	162	173	175	246	250	147	152	150	162	170	172	160	160	186	190	249	262	187	187	237	239	210	230	192	192	210	212	330	334	166	172	210	210
100	P104	Sandy Bay, Enderby	136	136	175	177	152	154	185	189	151	160	171	173	246	248	147	165	152	156	170	170	160	160	186	186	249	258	187	187	231	237	218	226	194	198	204	208	338	342	159	168	210	214
101	P105	Sandy Bay, Enderby	136	140	175	177	152	154	189	189	162	164	173	175	246	250	152	154	150	154	168	172	160	160	186	186	262	264	187	187	239	239	218	238	192	196	206	212	340	340	159	174	210	210
102	P106	Sandy Bay, Enderby	136	142	175	177	148	152	185	185	160	162	173	175	230	246	147	165	150	156	168	170	160	160	186	190	249	249	187	187	237	237	218	222	198	198	204	206	340	340	160	168	210	214
103	P107	Sandy Bay, Enderby	136	142	177	177	152	156	189	189	153	160	169	177	246	248	147	154	156	164	168	170	156	160	186	186	251	262	187	187	235	237	214	226	192	198	202	212	332	340	166	172	210	216
104	P108	Sandy Bay, Enderby	136	140	175	177	152	152	185	189	160	162	173	173	246	250	147	165	152	154	168	170	160	160	186	190	249	260	187	187	237	237	222	238	192	196	206	206	328	342	159	164	210	214
105	P109	Sandy Bay, Enderby	136	142	175	175	148	152	189	189	162	166	169	169	242	250	146	154	152	154	170	170	156	160	186	186	260	264	187	187	231	239	210	226	192	194	204	210	340	340	174	178	210	214
106	P110	Sandy Bay, Enderby	136	140	175	177	152	152	185	189	149	164	173	179	248	250	147	152	150	150	170	170	160	160	186	186	260	264	187	187	231	235	226	230	180	192	202	212	340	340	160	164	210	210
107	P111	Sandy Bay, Enderby	136	140	175	177	152	154	189	193	156	162	173	173	246	250	152	154	150	152	170	170	160	164	186	188	249	249	187	187	231	237	214	218	194	200	206	208	340	340	172	172	210	212
108	P112	Sandy Bay, Enderby	136	140	175	177	152	152	185	193	153	162	169	169	242	246	147	154	150	150	170	172	160	160	186	188	249	264	187	187	237	237	218	222	180	198	208	212	340	340	159	168	210	210
109	P113	Sandy Bay, Enderby	136	136	175	177	148	152	189	193	156	162	169	169	248	250	152	152	150	164	170	173	160	160	186	186	-9	-9	187	187	237	237	218	226	192	194	204	212	332	340	159	164	210	212
110	P114	Sandy Bay, Enderby	136	140	175	177	154	156	185	185	156	156	169	175	248	250	152	152	150	150	168	168	160	160	186	186	-9	-9	187	187	237	239	226	238	192	192	204	210	332	340	166	174	210	214
111	P115	Sandy Bay, Enderby	136	136	175	177	148	154	185	187	156	158	171	175	248	248	152	154	150	152	170	172	160	160	186	190	260	264	187	187	237	237	214	226	192	198	204	210	332	338	160	172	212	214
112	P116	Sandy Bay, Enderby	140	142	175	177	154	156	185	189	160	162	173	175	230	246	147	154	154	154	170	173	160	160	186	190	258	260	187	187	237	237	210	214	192	194	204	206	340	340	166	172	210	210
113	P117	Sandy Bay, Enderby	136	136	177	177	148	152	185	185	158	160	169	177	246	246	147	154	150	164	170	173	160	160	186	188	260	267	187	187	235	239	226	226	192	198	212	212	340	340	172	174	210	214
114	P118	Sandy Bay, Enderby	136	140	177	177	152	154	187	189	158	162	169	173	246	246	152	154	152	154	168	170	156	160	186	186	249	264	187	187	237	237	214	238	180	192	206	208	340	342	172	174	210	210
115	P119	Sandy Bay, Enderby	138	142	177	177	156	156	189	189	149	160	171	173	246	246	152	152	150	150	168	172	156	160	186	190	248	257	187	187	237	237	222	226	180	198	202	206	332	332	166	172	210	214
116	P120	Sandy Bay, Enderby	136	136	177	177	154	156	189	193	-9	-9	173	175	230	250	147	152	150	154	172	172	156	160	186	190	249	249	187	187	239	239	226	230	196	198	204	204	338	338	166	174	210	216
117	P121	Sandy Bay, Enderby	140	140	175	177	152	154	185	189	156	158	175	179	246	250	147	152	150	158	168	170	160	160	186	188	260	264	187	187	231	239	210	230	192	208	204	204	338	340	159	174	210	210
118	P122	Sandy Bay, Enderby	136	136	175	177	152	152	185	189	153	156	173	179	230	246	147	156	150	154	170	172	160	160	186	186	249	260	187	187	231	235	222	226	192	196	202	210	326	342	164	168	210	210
119	P123	Sandy Bay, Enderby	136	140	171	177	152	152	185	185	160	162	173	173	242	248	147	154	150	154	170	172	156	160	186	188	249	260	187	187	235	237	222	226	180	198	210	212	334	338	160	168	214	214
120	P124	Sandy Bay, Enderby	136	138	177	177	154	156	185	189	158	160	173	175	250	250	152	154	150	156	172	172	156	160	186	186	249	260	187	187	237	239	214	218	198	200	204	204	328	338	159	160	214	214
121	P125	Sandy Bay, Enderby	136	138	175	177	154	154	185	189	153	164	169	173	246	250	152	152	150	152	168	172	156	160	186	186	260	264	187	187	235	239	218	238	192	192	204	212	326	340	172	174	210	210
122	P126	Sandy Bay, Enderby	136	140	175	177	152	152	185	189	160	164	169	173	244	250	147	154	150	156	172	172	160	160	186	190	249	264	187	187	231	231	218	226	192	194	202	204	340	340	166	172	214	214
123	P127	Sandy Bay, Enderby	136	140	177	177	152	154	185	189	160	162	175	177	230	246	147	154	150	150	170	172	160	162	186	188	249	249	187	187	235	237	214	222	198	208	204	212	340	340	174	174	210	216
124	P128	Sandy Bay, Enderby	136	142	175	177	154	162	185	189	153	166	173	177	248	250	152	158	152	158	168	170	160	160	186	190	249	260	187	187	231	231	218	226	192	200	204	204	340	340	166	174	210	212
125	P129	Sandy Bay, Enderby	136	138	175	177	152	152	189	189	153	164	169	169	246	250	146	146	150	164	168	172	160	160	186	186	249	260	187	187	231	235	214	214	192	194	202	208	332	340	159	164	210	214
126	P130	Sandy Bay, Enderby	136	136	177	177	154	156	185	189	149	149	173	175	242	246	147	147	150	150	172	172	160	162	186	186	251	260	187	187	235	237	230	238	192	200	206	210	340	340	159	172	210	212
127	P131	Sandy Bay, Enderby	136	136	177	177	154	156	189	189	160	162	169	177	246	246	147	154	150	164	168	170	160	160	186	186	260	260	187	187	231	239	210	234	192	208	204	206	338	340	159	160	210	210
128	P132	Sandy Bay, Enderby	136	140	171	177	156	156	185	189	156	162	169	173	242	246	143	147	152	152	170	172	156	160	186	186	262	262	187	187	235	237	214	226	196	196	204	212	338	342	159	160	210	212
129	P133	Sandy Bay, Enderby	136	142	175	177	148	152	185	189	149	156	173	177	242	246	146	146	150	152	170	170	156	160	186	190	260	264	187	187	231	237	210	230	196	198	204	212	332	340	159	166	210	210
130	P134	Sandy Bay, Enderby	136	140	175	177	154	162	185	189	149	156	173	175	248	250	146	147	150	150	170	172	160	164	186	186	249	260	187	187	231	237	218	230	196	198	204	206	340	340	170	172	214	214
131	P135	Sandy Bay, Enderby	140	140	177	177	154	156	185	185	153	162	177	179	-9	-9	147	154	150	150	170	172	160	160	-9	-9	-9	-9	187	187	233	233	218	218	200	200	206	206	338	340	-9	-9	210	210
132	P136	Sandy Bay, Enderby	136	140	171	177	156	156	185	189	156	162	169	173	242	246	143	146	152	152	170	172	156	160	186	186	262	264	187	187	237	237	218	222	192	198	206	208	332	332	159	159	210	214
133	P137	Sandy Bay, Enderby	136	140	175	177	152	156	189	189	153	162	175	177	246	246	147	152	150	150	170	170	156	160	186	186	264	265	187	187	231	239	212	220	192	200	204	210	332	340	166	172	214	214
134	P138	Sandy Bay, Enderby	136	140	177	177	154	156	189	189	151	156	169	173	246	246	154	154	150	150	170	173	156	160	186	186	249	249	187	187	237	237	226	234	192	198	204	208	338	340	164	166	210	214
135	P139	Sandy Bay, Enderby	136	136	175	177	152	154	185	189	156	164	173	177	242	248	141	147	150	156	170	173	156	160	186	186	258	267	187	187	237	237	230	238	192	198	206	212	332	340	160	174	210	210
136	P140	Sandy Bay, Enderby	136	136	177	177	152	154	185	185	156	160	173	175	230	250	141	147	150	156	170	170	160	160	186	186	260	264	187	187	231	235	218	230	192	192	204	204	332	340	160	166	212	214
137	P141	Sandy Bay, Enderby	136	140	175	177	152	154	189	189	156	156	173	179	242	246	141	150	150	150	168	173	156	160	186	186	260	260	187	187	235	237	214	230	196	200	206	206	340	342	160	172	210	210
138	P142	Sandy Bay, Enderby	140	142	175	177	152	156	185	189	156	162	169	173	246	246	141	147	150	150	168	172	156	160	186	186	249	264	187	187	237	239	210	226	192	194	206	210	338	340	159	166	210	210
139	P143	Sandy Bay, Enderby	140	140	177	177	152	152	189	193	156	162	169	173	246	250	141	156	150	156	170	170	156	160	186	190	249	260	187	187	231	237	222	230	192	196	206	210	326	332	164	172	212	214
140	P144	Sandy Bay, Enderby	138	142	177	177	154	156	185	189	149	160	173	173	230	246	146	158	150	152	170	172	160	160	186	186	260	264	187	187	237	237	214	218	192	198	210	212	332	340	170	172	210	210
141	P145	Sandy Bay, Enderby	136	140	175	177	154	154	189	189	162	177	175	175	230	250	146	147	150	150	170	172	160	160	186	186	249	264	187	187	237	237	226	226	192	192	204	204	332	340	164	172	210	212
142	P146	Sandy Bay, Enderby	140	142	175	177	152	156	189	189	156	156	169	173	242	246	146	147	156	156	170	172	160	160	186	186	251	260	187	187	237	237	222	230	196	200	204	206	328	340	160	168	210	216
143	P147	Sandy Bay, Enderby	136	140	177	177	152	152	189	189	149	160	173	175	242	242	146	147	150	150	168	172	160	160	186	190	249	249	187	187	233	237	210	226	192	192	206	210	332	340	160	172	210	210
144	P148	Sandy Bay, Enderby	136	136	175	175	154	156	185	189	156	162	169	173	230	230	143	147	150	150	170	170	160	160	186	186	249	251	187	187	235	237	226	226	196	196	204	204	332	336	164	172	210	212
145	P149	Sandy Bay, Enderby	140	140	175	177	152	152	185	189	160	164	169	173	246	246	146	147	150	154	170	170	160	160	186	186	262	264	187	187	229	235	218	226	192	198	204	212	340	340	159	160	210	210
146	P150	Sandy Bay, Enderby	140	140	177	177	154	154	185	189	149	162	175	177	230	246	147	152	150	164	170	172	160	164	186	186	-9	-9	187	187	235	237	222	234	192	198	202	204	330	338	164	172	210	214
147	P151	Sandy Bay, Enderby	140	140	175	177	148	152	189	189	156	164	169	175	242	248	146	146	150	150	172	172	156	160	186	190	249	260	187	187	229	235	226	226	192	198	202	208	326	334	159	166	210	210
148	P152	Sandy Bay, Enderby	140	142	177	177	154	154	185	185	160	162	173	177	230	250	141	146	150	150	172	172	160	160	186	188	249	264	187	187	231	231	222	226	192	208	202	212	330	340	166	174	210	210
149	P153	Sandy Bay, Enderby	140	140	177	177	152	154	185	189	156	160	169	175	246	250	146	156	150	150	172	172	160	160	186	186	249	249	187	187	235	237	214	234	192	192	204	204	332	342	170	172	210	210
150	P154	Sandy Bay, Enderby	136	140	175	177	148	152	185	189	160	162	173	175	246	246	147	150	152	156	170	172	160	164	186	186	-9	-9	187	187	231	239	210	226	192	198	204	206	340	342	166	174	210	214
151	P155	Sandy Bay, Enderby	136	140	177	177	152	162	189	189	149	149	169	173	242	250	141	147	150	152	170	172	160	162	186	186	249	260	187	187	235	235	214	222	192	192	206	206	338	340	159	172	210	214
152	P156	Sandy Bay, Enderby	136	142	177	177	152	154	185	189	153	160	173	173	246	248	141	146	150	150	170	172	160	160	186	190	262	264	187	187	235	235	226	230	192	198	204	206	328	340	159	166	212	214
153	P157	Sandy Bay, Enderby	136	142	177	177	148	154	189	189	162	162	173	177	250	250	146	147	150	156	173	173	156	160	186	186	249	260	187	187	237	239	226	226	192	192	204	212	332	340	164	174	210	210
154	P158	Sandy Bay, Enderby	138	140	175	177	152	156	185	189	151	160	173	175	246	248	141	146	156	164	172	172	160	160	186	190	249	267	187	187	231	237	218	218	192	198	206	212	336	342	168	174	214	214
155	P159	Sandy Bay, Enderby	136	136	173	175	148	154	185	185	156	160	173	175	246	248	147	154	150	152	170	170	160	164	186	190	251	258	187	187	231	237	226	230	192	192	202	204	328	340	164	166	210	210
156	P160	Sandy Bay, Enderby	136	136	177	177	152	152	185	189	156	162	169	171	230	250	154	156	150	150	168	172	160	162	186	190	249	260	187	187	237	237	222	234	192	192	202	210	340	342	159	172	210	214
157	P161	Sandy Bay, Enderby	136	140	175	177	156	156	189	189	156	156	175	177	230	246	146	146	150	150	170	172	156	160	186	186	258	264	187	187	231	237	226	226	194	208	202	204	340	340	166	166	210	214
158	P162	Sandy Bay, Enderby	136	140	175	175	148	154	189	189	162	162	169	175	246	250	147	147	150	156	170	170	156	160	186	186	260	265	187	187	237	239	222	230	192	192	202	204	332	340	166	174	210	214
159	P163	Sandy Bay, Enderby	136	140	177	177	150	156	185	189	158	160	173	177	230	246	141	147	150	156	170	170	156	160	186	188	249	264	187	187	237	237	214	226	192	194	204	206	332	340	162	166	210	212
160	P164	Sandy Bay, Enderby	140	142	177	177	152	154	185	189	153	156	175	177	246	248	141	152	154	164	170	172	156	160	186	190	249	264	187	187	239	239	222	230	192	192	206	210	326	342	166	172	210	216
161	P165	Sandy Bay, Enderby	136	140	177	177	148	152	189	189	156	160	173	173	242	242	141	141	150	150	170	172	160	160	186	190	260	262	187	187	237	239	226	226	198	208	208	210	340	340	172	174	210	214
162	P166	Sandy Bay, Enderby	140	140	177	177	150	162	185	189	162	166	173	177	250	250	141	147	150	150	172	172	160	160	186	190	249	264	187	187	229	233	222	226	192	196	206	212	336	340	159	160	210	214
163	P167	Sandy Bay, Enderby	136	140	175	177	150	152	185	189	156	162	169	175	246	246	147	154	152	152	168	170	160	160	186	190	262	264	187	187	235	235	210	230	192	192	204	212	332	340	166	172	210	216
164	P168	Sandy Bay, Enderby	136	142	177	177	156	156	185	185	151	162	173	175	230	230	146	146	150	150	168	168	156	160	186	186	249	249	187	187	231	231	222	230	192	198	208	212	338	340	166	166	214	214
165	P169	Sandy Bay, Enderby	140	140	175	177	154	154	189	193	156	160	173	175	242	250	146	147	150	150	168	170	160	162	186	186	249	264	187	187	237	237	222	226	192	196	202	210	340	340	166	172	210	210
166	P170	Sandy Bay, Enderby	136	136	175	177	152	156	185	185	149	160	173	175	248	250	146	147	156	158	172	173	160	160	186	186	249	264	187	187	231	237	226	234	192	198	204	206	330	332	159	159	210	210
167	P171	Sandy Bay, Enderby	140	140	177	177	152	162	185	189	149	149	169	175	246	246	141	146	150	154	170	172	160	160	186	186	249	260	187	187	237	237	238	238	192	196	202	206	330	342	159	164	210	214
168	P172	Sandy Bay, Enderby	136	140	175	177	152	152	189	193	158	160	173	173	230	244	146	147	150	150	170	173	160	160	186	186	249	249	187	187	231	237	222	222	192	198	206	210	332	340	164	172	210	214
169	P173	Sandy Bay, Enderby	140	142	177	177	148	152	189	189	160	162	175	175	246	248	147	147	152	156	170	170	160	164	186	190	249	260	187	187	231	237	218	234	194	198	204	206	340	342	172	174	210	210
170	P174	Sandy Bay, Enderby	140	142	177	177	148	152	189	189	160	162	175	175	246	248	154	154	152	156	170	170	160	164	186	190	-9	-9	187	187	229	235	-9	-9	194	198	202	206	340	342	-9	-9	210	210
171	P175	Sandy Bay, Enderby	136	136	177	177	152	152	185	189	160	162	169	173	246	246	147	165	152	154	168	172	160	160	186	186	249	249	187	187	233	235	222	226	192	196	202	206	340	342	164	172	210	210
172	P176	Sandy Bay, Enderby	138	140	175	177	152	154	189	189	153	156	173	175	246	246	147	152	150	164	170	172	156	160	186	190	262	264	187	187	235	235	230	230	192	192	202	206	340	340	166	168	210	214
173	P177	Sandy Bay, Enderby	136	140	175	177	152	152	189	189	156	158	173	175	242	242	147	152	150	154	170	172	160	160	186	186	258	260	187	187	229	235	218	222	192	192	202	210	340	340	164	172	210	214
174	P178	Sandy Bay, Enderby	138	140	175	175	148	152	185	189	153	160	169	169	244	246	146	147	154	154	170	172	160	160	186	186	248	258	187	187	235	239	214	218	196	198	204	212	340	340	159	164	210	214
175	P179	Sandy Bay, Enderby	140	140	177	177	154	156	185	189	158	160	175	179	246	248	152	154	150	154	172	172	156	162	186	190	249	262	187	187	231	237	214	226	192	192	212	212	340	340	159	174	210	210
176	P180	Sandy Bay, Enderby	136	136	173	173	156	162	185	189	149	158	169	173	244	246	147	154	150	154	170	170	160	160	186	190	251	262	187	187	231	231	214	238	192	196	204	204	340	340	160	168	210	214
177	P181	Sandy Bay, Enderby	136	142	175	177	148	152	185	189	149	162	169	173	242	246	152	152	150	152	170	170	156	160	-9	-9	260	264	187	187	231	237	210	230	196	198	204	212	332	340	157	164	210	210
178	P182	Sandy Bay, Enderby	140	140	177	177	154	154	185	185	160	160	169	173	246	250	147	154	150	150	172	172	160	160	186	186	258	264	187	187	235	239	214	222	198	198	204	208	332	338	159	162	210	214
179	P183	Sandy Bay, Enderby	136	140	177	177	152	152	185	185	160	160	175	177	246	248	147	154	150	154	170	172	160	160	186	186	249	251	187	187	235	237	226	226	192	192	204	204	340	340	162	164	210	210
180	P184	Sandy Bay, Enderby	136	140	175	177	150	152	185	189	156	164	175	177	230	250	152	152	150	150	168	172	160	160	186	188	260	260	187	187	235	235	218	230	196	196	204	206	328	342	159	174	210	214
181	P185	Sandy Bay, Enderby	136	138	177	177	152	156	185	185	158	160	169	173	246	246	147	154	154	154	170	170	156	160	186	188	251	260	187	187	237	237	214	238	192	208	204	206	338	340	159	172	210	214
182	P186	Sandy Bay, Enderby	140	142	175	177	152	152	189	193	153	160	173	177	246	246	147	147	150	154	170	173	156	160	186	188	249	260	187	187	231	235	214	214	192	208	204	204	338	340	166	174	210	210
183	P187	Sandy Bay, Enderby	136	138	177	177	152	156	185	187	160	164	169	173	246	246	154	154	154	164	170	173	156	160	188	190	262	264	187	187	231	237	218	226	192	208	208	212	328	340	159	160	210	210
184	P188	Sandy Bay, Enderby	136	142	175	177	154	156	189	189	156	160	175	175	246	246	146	152	150	152	168	173	156	156	186	190	249	264	187	187	235	237	230	230	192	194	204	212	332	338	164	164	210	210
185	P189	Sandy Bay, Enderby	136	140	177	177	154	162	185	193	162	162	173	177	230	246	147	152	150	150	170	172	160	160	186	188	249	260	187	187	231	231	218	222	198	208	206	212	340	340	159	170	210	214
186	P190	Sandy Bay, Enderby	138	142	177	177	154	154	185	189	156	160	173	177	230	246	147	154	150	150	170	172	160	164	186	190	251	267	187	187	235	237	230	234	192	192	208	210	342	342	160	172	210	214
187	P191	Sandy Bay, Enderby	136	142	175	177	148	152	185	189	149	156	173	177	242	246	152	152	150	152	170	170	156	160	186	190	260	264	187	187	231	237	210	230	196	198	204	212	332	340	157	164	210	210
188	P192	Sandy Bay, Enderby	136	140	177	177	152	156	185	189	149	160	169	177	250	250	150	152	152	152	170	172	156	160	186	186	264	264	187	187	237	237	218	222	192	198	206	208	330	332	-9	-9	214	214
189	P193	Sandy Bay, Enderby	140	140	177	177	154	154	185	185	160	160	169	173	246	250	147	154	150	150	172	172	160	160	186	186	258	264	187	187	235	239	214	222	198	198	204	208	332	338	159	162	210	214
