id	pop	Locus_Hg14_a	Locus_Hg14_b	Locus_Hg23_a	Locus_Hg23_b	Locus_Hg36_a	Locus_Hg36_b	Locus_Hg42_a	Locus_Hg42_b	Locus_Hg610_a	Locus_Hg610_b	Locus_Hg89_a	Locus_Hg89_b	Locus_Hg810_a	Locus_Hg810_b	Locus_Hgdii_a	Locus_Hgdii_b	Locus_Hgl15_a	Locus_Hgl15_b	Locus_Pvc19_a	Locus_Pvc19_b	Locus_Pvc26_a	Locus_Pvc26_b	Locus_Pvc30_a	Locus_Pvc30_b	Locus_Pvc78_a	Locus_Pvc78_b	Locus_SGPv9_a	Locus_SGPv9_b	Locus_SGPv10_a	Locus_SGPv10_b	Locus_SGPv11_a	Locus_SGPv11_b	Locus_SGPv16_a	Locus_SGPv16_b
1	258_M_N_y1980	Lake Saimaa	191	191	124	124	100	104	163	163	152	152	202	202	186	186	200	200	137	167	108	118	109	109	171	181	139	139	161	161	133	145	156	157	123	123
2	297_M_N_y1981	Lake Saimaa	191	191	124	124	100	104	134	163	152	152	200	202	186	186	200	200	137	155	112	118	109	109	181	181	139	139	161	161	133	145	156	157	123	123
3	427_F_N_y1982	Lake Saimaa	191	191	124	124	100	104	161	161	152	152	200	200	186	186	200	200	137	169	118	118	109	111	171	181	149	149	161	161	133	133	156	157	123	123
4	431_F_N_y1982	Lake Saimaa	191	191	124	124	104	104	161	161	152	152	200	202	186	186	200	200	137	169	118	118	109	111	171	181	139	149	161	161	133	145	156	157	123	123
5	510_M_N_y1983	Lake Saimaa	191	191	114	124	100	104	134	161	152	152	200	202	186	188	200	200	167	169	118	118	109	111	171	181	139	139	161	161	133	145	156	157	123	123
6	575_M_N_y1983	Lake Saimaa	191	191	114	124	104	104	134	161	152	152	200	202	188	188	200	200	165	169	118	118	109	109	171	181	139	149	161	161	145	145	156	156	123	123
7	796_F_N_y1984	Lake Saimaa	191	191	114	124	104	104	134	161	152	152	200	202	186	186	200	200	169	169	118	118	109	111	171	181	149	149	161	161	133	145	156	156	123	123
8	819_F_N_y1985	Lake Saimaa	191	191	114	124	100	104	161	161	152	152	200	200	186	186	200	200	137	137	118	118	109	109	181	181	149	149	161	161	133	145	157	157	123	123
9	1129_F_N_y1986	Lake Saimaa	191	191	114	124	100	104	134	161	152	152	200	200	186	186	200	200	153	167	118	118	109	111	171	181	139	139	161	161	133	133	156	157	123	123
10	1486_M_N_y1994	Lake Saimaa	191	191	124	124	100	104	134	161	152	152	200	200	186	188	200	200	137	165	118	118	109	109	171	181	149	149	161	161	133	145	156	157	123	123
11	1689_M_N_y1996	Lake Saimaa	191	191	124	124	100	100	134	161	152	152	200	200	186	186	200	200	137	167	118	118	109	109	179	181	139	149	161	161	145	145	156	157	123	123
12	2311_F_N_y2002	Lake Saimaa	191	191	124	124	100	100	161	161	152	152	200	202	186	186	200	200	137	167	108	108	109	109	181	181	139	149	161	171	133	145	157	157	123	123
13	2320_M_N_y2002	Lake Saimaa	191	191	124	124	100	104	161	161	152	152	200	202	186	186	200	228	137	167	108	118	109	109	181	181	139	139	161	161	133	133	157	169	123	123
14	2352_F_N_y2003	Lake Saimaa	191	191	114	124	104	104	161	161	152	152	202	202	186	186	200	200	137	137	118	118	109	109	171	171	149	149	161	161	133	145	157	169	123	123
15	2434_F_N_y2007	Lake Saimaa	191	191	124	124	100	100	161	161	152	152	202	202	186	186	200	200	137	137	118	118	109	109	-9	-9	139	139	161	161	133	145	157	169	123	123
16	290_M_H_y1981	Lake Saimaa	191	191	124	124	104	104	161	163	152	152	200	202	186	186	200	200	159	165	112	118	109	111	177	179	139	149	161	171	145	145	157	157	123	123
17	291_M_H_y1981	Lake Saimaa	191	191	124	124	100	100	161	161	152	152	202	202	186	186	200	200	137	157	108	118	109	111	171	179	149	149	161	171	133	145	156	169	123	123
18	292_M_H_y1981	Lake Saimaa	191	191	114	114	104	104	161	163	152	152	202	202	186	186	200	228	165	167	112	112	109	111	179	181	139	139	161	161	145	145	157	157	123	123
19	298_M_H_y1981	Lake Saimaa	191	191	124	124	100	100	134	161	152	152	202	202	186	186	200	200	137	155	108	118	109	109	171	179	149	149	161	171	133	145	156	157	123	123
20	299_F_H_y1981	Lake Saimaa	191	191	114	124	104	104	163	163	152	152	202	202	186	186	228	228	139	167	112	118	109	109	177	181	139	149	161	161	145	145	156	157	123	123
21	303_M_H_y1981	Lake Saimaa	191	191	124	124	104	104	134	163	152	152	202	202	186	186	200	200	153	165	112	112	109	111	179	181	149	149	161	161	145	145	156	157	123	123
22	418_M_H_y1982	Lake Saimaa	191	191	124	124	981	104	161	161	152	152	200	200	186	186	200	200	155	167	112	118	109	109	181	181	149	149	161	161	145	145	156	156	123	123
23	428_M_H_y1982	Lake Saimaa	191	191	124	124	100	104	161	161	152	152	200	202	186	188	200	200	153	155	112	118	109	111	171	181	149	149	161	161	145	145	156	169	119	123
24	430_F_H_y1982	Lake Saimaa	191	191	124	124	100	104	134	161	152	152	202	202	186	186	200	200	137	159	118	118	109	111	171	181	149	149	161	171	145	145	156	156	123	123
25	533_F_H_y1983	Lake Saimaa	191	191	114	124	100	100	161	161	152	152	194	200	186	186	200	200	129	153	118	118	109	111	177	181	139	149	161	161	145	145	157	157	123	123
26	546_F_H_y1983	Lake Saimaa	191	191	124	124	100	104	134	134	152	152	200	202	186	186	200	200	137	137	112	118	109	109	171	171	149	149	161	171	133	145	157	157	123	123
27	753_F_H_y1984	Lake Saimaa	191	191	124	124	100	104	134	161	152	152	194	202	186	186	200	200	137	155	108	118	109	109	171	181	149	149	161	171	145	145	156	169	123	123
28	759_M_H_y1984	Lake Saimaa	191	191	124	124	104	104	161	163	152	152	200	200	186	186	200	228	153	159	112	112	109	109	179	181	139	149	161	171	145	145	157	169	123	123
29	763_F_H_y1984	Lake Saimaa	191	191	124	124	100	100	134	134	152	152	202	202	186	188	200	200	129	155	108	112	109	109	179	181	149	149	161	161	133	145	156	157	119	119
30	772_M_H_y1984	Lake Saimaa	191	191	124	124	104	104	163	163	152	152	200	202	186	186	200	228	139	165	118	118	111	111	171	177	139	149	161	161	145	145	157	157	123	123
31	773_F_H_y1984	Lake Saimaa	191	191	124	124	104	104	161	161	152	152	200	202	186	188	200	200	129	155	112	118	109	109	171	181	139	149	161	161	133	145	156	157	123	123
32	803_F_H_y1984	Lake Saimaa	191	191	114	124	104	104	134	161	152	152	200	200	186	186	200	200	159	165	112	112	109	111	179	181	139	149	161	161	145	145	156	157	123	123
33	804_M_H_y1984	Lake Saimaa	191	191	124	124	100	104	161	161	152	152	200	202	186	186	200	200	137	155	118	118	109	109	181	181	149	149	161	161	133	145	156	157	123	123
34	806_F_H_y1985	Lake Saimaa	191	191	124	124	100	100	161	161	152	152	202	202	186	188	200	200	129	137	112	118	109	109	171	181	149	149	161	171	133	145	156	156	119	123
35	811_F_H_y1985	Lake Saimaa	191	191	124	124	104	104	134	161	152	152	200	202	186	188	200	220	137	159	118	118	109	109	171	181	139	149	161	161	133	145	157	157	123	123
36	814_M_H_y1985	Lake Saimaa	191	191	124	124	100	104	134	161	152	152	202	202	186	188	200	200	129	137	112	118	109	109	171	181	149	149	161	161	133	145	156	157	119	123
37	818_F_H_y1985	Lake Saimaa	191	191	124	124	104	104	161	163	152	152	200	202	186	186	200	228	153	167	118	118	109	109	179	181	139	149	161	161	145	145	157	157	123	123
38	821_F_H_y1985	Lake Saimaa	191	191	124	124	981	104	134	161	152	152	194	200	186	186	200	200	137	159	118	118	109	109	171	181	149	149	161	161	145	145	156	169	123	123
39	824_F_H_y1985	Lake Saimaa	191	191	124	124	100	100	161	161	152	152	202	202	186	186	200	200	137	157	118	118	109	109	171	171	149	149	161	171	133	133	156	156	123	123
40	1085_M_H_y1985	Lake Saimaa	191	191	124	124	100	104	134	161	152	152	200	202	186	186	200	200	137	155	118	118	105	109	171	179	149	149	161	161	133	145	156	157	119	123
41	1091_M_H_y1986	Lake Saimaa	191	191	114	124	100	104	134	161	152	152	200	202	186	186	200	200	-9	-9	118	118	109	109	171	171	149	149	161	161	145	145	156	169	123	123
42	1232_F_H_y1987	Lake Saimaa	191	191	124	124	104	104	134	163	152	152	202	202	186	186	228	228	153	167	112	118	109	109	177	179	139	139	161	161	145	145	156	157	123	123
43	1233_M_H_y1987	Lake Saimaa	191	191	124	124	104	104	161	161	152	152	200	202	186	186	200	200	137	153	112	118	109	111	181	181	149	149	161	161	145	145	156	169	123	123
44	1234_M_H_y1986	Lake Saimaa	191	191	124	124	100	100	134	161	152	152	202	202	186	186	200	200	137	167	118	118	109	109	171	171	149	149	161	161	133	145	156	169	123	123
45	1262_M_H_y1988	Lake Saimaa	191	191	114	124	100	100	161	161	152	152	200	202	186	188	200	200	137	137	118	118	109	109	171	181	149	149	161	161	133	145	157	169	123	123
46	1265_F_H_y1988	Lake Saimaa	191	191	124	124	100	100	134	134	152	152	202	202	186	186	200	200	137	163	118	118	109	109	171	171	149	149	161	171	133	133	157	169	119	123
47	1270_F_H_y1988	Lake Saimaa	191	191	124	124	104	104	134	161	152	152	200	200	186	186	200	200	137	155	112	118	103	109	171	181	149	149	161	161	145	145	156	156	123	123
48	1312_F_H_y1989	Lake Saimaa	191	191	124	124	104	104	161	163	152	152	200	200	186	186	200	228	159	167	112	112	109	109	179	181	139	149	161	171	145	145	156	156	123	123
49	1313_M_H_y1990	Lake Saimaa	191	191	124	124	100	100	161	161	152	152	202	202	186	188	200	200	129	153	118	118	109	111	171	181	149	149	161	171	133	145	156	156	119	123
50	1328_F_H_y1991	Lake Saimaa	191	191	124	124	100	100	134	134	152	152	200	202	186	188	200	200	137	153	118	118	109	111	171	171	149	149	161	161	133	133	156	157	123	123
51	1394_M_H_y1991	Lake Saimaa	191	191	124	124	100	100	134	161	152	152	202	202	186	186	200	200	137	151	118	118	109	111	171	181	149	149	161	171	133	133	157	169	123	123
52	1418_M_H_y1993	Lake Saimaa	191	191	124	124	100	104	161	161	152	152	202	202	186	186	200	200	129	153	112	118	109	111	171	181	149	149	161	171	133	145	156	156	119	123
53	1419_F_H_y1993	Lake Saimaa	191	191	114	124	104	104	161	161	152	152	200	202	186	186	200	228	129	165	108	118	109	109	177	181	139	149	161	171	133	145	156	157	123	123
54	1423_M_H_y1993	Lake Saimaa	191	191	124	124	100	100	134	161	152	152	202	202	186	186	200	200	153	167	118	118	109	111	171	181	149	149	161	161	133	133	156	157	123	123
55	1425_F_H_y1993	Lake Saimaa	191	191	114	124	104	104	161	161	152	152	200	202	186	186	200	200	133	137	118	118	109	109	171	181	149	149	161	161	133	145	157	169	123	123
56	1426_M_H_y1992	Lake Saimaa	191	191	114	124	981	100	161	161	152	152	200	200	186	188	200	200	137	159	118	118	109	109	171	181	149	149	161	161	133	145	157	169	123	123
57	1431_F_H_y1993	Lake Saimaa	191	191	124	124	981	104	134	161	152	152	202	202	186	186	200	200	137	137	118	118	109	109	171	181	149	149	161	161	145	145	157	169	123	123
58	1481_M_H_y1994	Lake Saimaa	191	191	124	124	104	104	163	163	152	152	202	202	186	186	200	228	165	167	112	118	109	111	177	181	139	149	161	161	145	145	157	157	123	123
59	1482_F_H_y1994	Lake Saimaa	191	191	114	124	104	104	134	161	152	152	202	202	186	186	228	228	153	161	112	118	109	109	179	179	139	149	161	171	145	145	156	156	123	123
60	1485_M_H_y1994	Lake Saimaa	191	191	124	124	100	100	134	161	152	152	202	202	186	186	200	200	137	155	118	118	109	109	171	179	149	149	161	161	133	145	157	169	123	123
61	1559_M_H_y1995	Lake Saimaa	191	191	124	124	100	100	134	161	152	152	202	202	186	186	200	200	137	137	118	118	109	111	171	171	149	149	161	171	133	133	156	157	123	123
62	1561_F_H_y1995	Lake Saimaa	191	191	124	124	100	104	134	161	152	152	200	202	186	188	200	200	137	139	118	118	109	109	171	171	149	149	161	161	133	145	156	157	123	123
63	1563_M_H_y1995	Lake Saimaa	191	191	124	124	981	100	134	161	152	152	202	202	186	188	200	200	137	137	118	118	109	109	181	181	149	149	161	161	133	145	156	169	123	123
64	1686_F_H_y1996	Lake Saimaa	191	191	124	124	100	100	161	161	152	152	200	200	186	186	200	200	137	155	118	118	109	109	179	181	149	149	161	171	145	145	157	157	123	123
65	1687_F_H_y1996	Lake Saimaa	191	191	124	124	104	104	163	163	152	152	202	202	186	186	200	228	135	165	118	118	109	109	177	181	139	139	161	161	145	145	157	157	123	123
66	1688_M_H_y1996	Lake Saimaa	191	191	124	124	104	104	134	161	152	152	200	202	186	186	228	228	165	167	112	118	109	109	179	181	139	149	161	161	145	145	156	169	123	123
67	1692_M_H_y1996	Lake Saimaa	191	191	124	124	104	104	134	163	152	152	200	202	186	186	200	228	163	165	118	118	111	111	171	181	139	149	161	161	145	145	157	157	123	123
68	1956_M_H_y1997	Lake Saimaa	191	191	124	124	100	104	161	161	152	152	200	202	186	186	200	200	137	167	118	118	109	109	171	181	149	149	161	171	133	145	157	169	123	123
69	1983_M_H_y1997	Lake Saimaa	191	191	124	124	104	104	161	161	152	152	194	200	186	186	200	200	137	137	118	118	109	109	171	171	149	149	161	161	133	145	157	169	123	123
70	2099_M_H_y1998	Lake Saimaa	191	191	124	124	100	104	134	161	152	152	194	200	186	186	200	200	137	155	108	118	109	109	171	181	149	149	161	161	145	145	156	169	119	123
71	2100_M_H_y1998	Lake Saimaa	191	191	124	124	104	104	134	134	152	152	202	202	186	188	200	220	137	137	118	118	109	109	171	181	139	149	161	161	133	133	156	157	123	123
72	2126_F_H_y1998	Lake Saimaa	191	191	124	124	104	104	134	161	152	152	200	200	186	186	200	200	137	167	112	118	109	109	171	171	149	149	161	161	133	145	157	169	123	123
73	2146_M_H_y1998	Lake Saimaa	191	191	114	124	104	104	134	163	152	152	202	202	186	186	200	228	165	167	118	118	109	111	171	179	139	139	161	161	145	145	157	157	123	123
74	2150_F_H_y1998	Lake Saimaa	191	191	124	124	104	104	161	161	152	152	200	200	186	186	200	200	137	137	108	112	109	109	179	181	149	149	161	161	133	145	156	157	123	123
75	2180_M_H_y1999	Lake Saimaa	191	191	124	124	100	104	134	161	152	152	202	202	186	188	200	200	155	157	108	118	109	109	171	171	149	149	161	161	133	145	156	156	119	123
76	2181_M_H_y1999	Lake Saimaa	191	191	114	124	104	104	134	163	152	152	202	202	186	186	200	228	153	165	112	112	109	109	179	179	139	149	161	171	145	145	157	169	123	123
77	2182_M_H_y1999	Lake Saimaa	191	191	114	124	104	104	134	134	152	152	200	202	186	186	200	200	159	165	112	118	109	111	177	179	139	149	161	171	145	145	157	157	123	123
78	2194_F_H_y1999	Lake Saimaa	191	191	124	124	100	104	161	161	152	152	202	202	186	186	200	200	153	157	118	118	109	111	171	171	149	149	161	161	145	145	157	169	123	123
79	2206_M_H_y2000	Lake Saimaa	191	191	124	124	104	104	134	161	152	152	202	202	186	186	200	228	153	165	112	118	109	111	179	179	139	149	161	171	145	145	156	169	123	123
80	2214_M_H_y2000	Lake Saimaa	191	191	124	124	100	100	161	161	152	152	200	200	186	186	200	200	153	155	108	118	109	111	181	181	139	149	161	171	145	145	156	157	119	123
81	2221_M_H_y2000	Lake Saimaa	191	191	124	124	981	104	134	161	152	152	194	200	186	186	200	200	137	137	118	118	109	109	171	171	149	149	161	161	133	145	156	169	123	123
82	2232_M_H_y2000	Lake Saimaa	191	191	124	124	100	100	161	161	152	152	202	202	186	188	200	200	137	155	108	118	109	111	171	181	149	149	161	161	133	145	156	169	123	123
83	2267_F_H_y2001	Lake Saimaa	191	191	124	124	100	100	161	161	152	152	200	202	186	186	200	200	139	153	118	118	109	111	171	181	149	149	161	161	133	133	157	169	123	123
84	2269_M_H_y2001	Lake Saimaa	191	191	114	124	104	104	163	163	152	152	200	202	186	186	200	200	159	159	112	118	109	109	179	181	139	139	161	171	145	145	156	157	123	123
85	2277_F_H_y2001	Lake Saimaa	191	191	124	124	104	104	134	161	152	152	200	202	186	186	200	200	137	165	112	118	109	111	177	181	149	149	161	161	133	145	156	169	123	123
86	2317_F_H_y2002	Lake Saimaa	191	191	124	124	981	104	134	134	152	152	200	202	186	186	200	200	129	139	112	118	109	109	171	171	149	149	161	161	133	145	156	157	119	123
87	2319_M_H_y2002	Lake Saimaa	191	191	124	124	981	104	134	134	152	152	200	202	186	188	200	200	137	137	112	112	109	109	171	181	149	149	161	161	133	145	156	169	123	123
88	2329_F_H_y2002	Lake Saimaa	191	191	124	124	104	104	134	161	152	152	200	202	186	188	200	200	129	153	108	118	109	111	181	181	149	149	161	161	133	145	156	156	123	123
89	2333_M_H_y2003	Lake Saimaa	191	191	124	124	100	104	134	161	152	152	202	202	188	188	200	200	137	159	118	118	109	109	181	181	149	149	161	161	145	145	157	157	123	123
90	2337_M_H_y2003	Lake Saimaa	191	191	114	124	100	100	161	161	152	152	200	202	186	186	200	200	137	167	118	118	109	109	171	181	149	149	161	161	145	145	156	169	123	123
91	2340_M_H_y2003	Lake Saimaa	191	191	124	124	981	104	134	161	152	152	194	202	186	186	200	200	137	137	108	118	109	109	171	179	149	149	161	161	145	145	156	169	123	123
92	2341_F_H_y2003	Lake Saimaa	191	191	124	124	100	104	134	161	152	152	194	194	186	186	200	200	129	159	112	118	109	109	171	171	149	149	161	171	133	145	169	169	119	123
93	2342_M_H_y2003	Lake Saimaa	191	191	124	124	981	104	161	161	152	152	200	200	188	188	200	200	137	159	118	118	109	109	171	171	149	149	161	161	145	145	157	169	123	123
94	2348_M_H_y2003	Lake Saimaa	191	191	114	114	100	100	161	161	152	152	200	200	186	186	200	200	137	137	108	118	109	109	171	181	139	149	161	161	133	145	156	157	123	123
95	2350_F_H_y2003	Lake Saimaa	191	191	114	124	104	104	134	161	152	152	200	200	186	188	200	200	137	157	112	112	109	109	177	181	149	149	161	161	133	145	156	156	119	123
96	2356_M_H_y2004	Lake Saimaa	191	191	124	124	100	104	161	161	152	152	202	202	186	186	200	200	137	153	112	112	109	111	171	171	149	149	161	171	145	145	157	169	123	123
97	2363_M_H_y2004	Lake Saimaa	191	191	124	124	104	104	134	161	152	152	202	202	186	186	200	200	137	155	118	118	109	111	171	181	149	149	161	161	133	145	156	157	119	123
98	2373_F_H_y2004	Lake Saimaa	191	191	114	124	104	104	134	134	152	152	200	202	186	186	200	200	153	165	112	118	109	111	179	181	149	149	161	171	145	145	156	157	123	123
99	2377_F_H_y2005	Lake Saimaa	191	191	114	124	100	104	134	161	152	152	200	200	186	186	200	200	155	167	108	118	109	109	179	181	149	149	161	161	145	145	156	157	123	123
100	2379_F_H_y2005	Lake Saimaa	191	191	114	124	104	104	134	161	152	152	202	202	186	186	200	200	137	139	118	118	109	109	171	181	139	149	161	161	133	145	156	157	123	123
101	2380_M_H_y2005	Lake Saimaa	191	191	114	124	981	104	161	161	152	152	200	200	186	188	200	200	159	159	118	118	109	109	171	181	149	149	161	161	145	145	156	157	123	123
102	2382_M_H_y2005	Lake Saimaa	191	191	124	124	100	100	161	161	152	152	200	202	186	188	200	200	137	137	112	118	109	109	171	171	149	149	161	171	133	133	156	169	123	123
103	2392_F_H_y2005	Lake Saimaa	191	191	124	124	100	100	161	161	152	152	200	202	186	188	200	200	139	165	118	118	109	109	171	181	149	149	161	161	145	145	156	157	123	123
104	2393_M_H_y2005	Lake Saimaa	191	191	124	124	104	104	161	161	152	152	202	202	186	188	200	220	137	159	118	118	109	109	171	181	139	139	161	161	133	145	157	157	123	123
105	2396_M_H_y2006	Lake Saimaa	191	191	124	124	981	104	134	161	152	152	200	202	186	186	200	200	137	137	118	118	109	109	171	181	139	149	161	161	133	145	156	156	123	123
106	2399_F_H_y2006	Lake Saimaa	191	191	114	124	104	104	161	161	152	152	200	202	186	186	200	228	139	165	118	118	109	111	179	181	149	149	161	171	145	145	157	157	123	123
107	2406_M_H_y2006	Lake Saimaa	191	191	124	124	100	104	134	161	152	152	200	200	186	186	200	200	155	159	118	118	109	111	181	181	149	149	161	171	145	145	157	157	119	123
108	2422_M_H_y2007	Lake Saimaa	191	191	114	124	100	104	161	161	152	152	200	200	186	186	200	200	137	171	108	118	109	109	171	181	149	149	161	161	145	145	156	157	123	123
109	2426_F_H_y2007	Lake Saimaa	191	191	124	124	100	104	161	161	152	152	202	202	186	186	200	200	129	153	118	118	109	111	181	181	149	149	161	161	145	145	169	169	123	123
110	2432_M_H_y2007	Lake Saimaa	191	191	124	124	104	104	161	161	152	152	194	194	186	186	200	200	129	159	112	118	109	109	171	171	149	149	161	161	133	145	169	169	123	123
111	2433_F_H_y2007	Lake Saimaa	191	191	124	124	104	104	134	161	152	152	194	200	186	186	200	228	129	167	112	118	109	109	171	181	139	149	161	171	133	145	157	157	123	123
112	2440_M_H_y2007	Lake Saimaa	191	191	124	124	981	104	134	134	152	152	200	200	186	186	200	200	137	155	118	118	109	109	171	171	149	149	161	161	133	145	156	157	123	123
113	2451_F_H_y2008	Lake Saimaa	191	191	124	124	104	104	134	161	152	152	200	202	186	188	200	200	129	167	118	118	109	109	181	181	149	149	161	161	145	145	156	169	123	123
114	2471_M_H_y2008	Lake Saimaa	191	191	124	124	100	104	134	161	152	152	202	202	186	186	200	200	137	137	112	118	109	109	171	171	139	149	161	171	145	145	156	157	123	123
115	314_M_P_y1981	Lake Saimaa	191	191	124	124	104	104	161	161	152	152	200	202	186	186	200	200	137	137	118	118	109	109	181	181	149	149	161	161	133	145	156	156	123	123
116	419_F_P_y1982	Lake Saimaa	191	191	124	124	100	104	134	161	152	152	202	202	186	188	200	200	137	137	108	118	109	109	177	181	149	149	161	161	145	145	156	156	123	123
117	425_M_P_y1982	Lake Saimaa	185	185	124	124	981	100	134	161	152	152	200	200	186	186	200	200	137	137	108	118	109	109	171	181	149	149	161	161	133	145	156	157	123	123
118	746_F_P_y1984	Lake Saimaa	191	191	114	124	100	104	161	161	152	152	200	200	186	188	200	200	151	165	116	118	109	109	171	181	149	149	161	161	133	145	156	156	123	123
119	752_F_P_y1984	Lake Saimaa	191	191	114	124	104	104	161	161	152	152	194	202	186	188	200	200	137	137	118	118	109	109	171	181	149	149	161	161	145	145	156	156	123	123
120	754_M_P_y1984	Lake Saimaa	191	191	114	124	104	104	134	161	152	152	202	202	186	188	200	200	137	137	108	118	109	109	177	181	139	149	161	161	145	145	156	169	123	123
121	774_F_P_y1984	Lake Saimaa	191	191	114	124	104	104	161	161	152	152	200	200	186	186	200	200	137	137	112	118	109	109	171	181	149	149	161	161	133	145	156	156	123	123
122	890_F_P_y1986	Lake Saimaa	191	191	124	124	100	104	134	134	152	152	200	202	186	188	200	200	137	137	112	118	109	109	181	181	149	149	161	161	133	145	156	157	123	123
123	1079_F_P_y1986	Lake Saimaa	191	191	124	124	104	104	134	161	152	152	202	202	186	186	200	200	137	137	112	118	109	109	171	181	149	149	161	161	133	145	156	156	123	123
124	1090_F_P_y1986	Lake Saimaa	191	191	124	124	104	104	134	161	152	152	194	202	186	188	200	200	137	167	108	118	109	109	177	181	139	149	161	161	133	145	156	156	123	123
125	1252_F_P_y1988	Lake Saimaa	191	191	114	124	981	104	134	161	152	152	200	200	186	186	200	200	129	137	108	118	109	109	181	181	149	149	161	161	133	145	156	157	123	123
126	1264_F_P_y1988	Lake Saimaa	191	191	114	124	981	104	161	161	152	152	200	200	186	188	200	200	137	137	118	118	109	109	181	181	149	149	161	161	145	145	156	157	123	123
127	1311_F_P_y1989	Lake Saimaa	191	191	114	114	100	100	134	161	152	152	200	200	186	186	200	200	137	137	108	118	109	109	181	181	149	149	161	161	133	145	156	156	123	123
128	1325_M_P_y1990	Lake Saimaa	191	191	114	124	981	104	134	161	152	152	202	202	186	186	200	200	129	137	118	118	105	105	179	181	149	149	161	161	133	145	156	156	123	123
129	1392_M_P_y1993	Lake Saimaa	191	191	124	124	104	104	134	161	152	152	200	202	186	188	200	200	137	137	112	112	109	109	171	171	149	149	161	161	133	133	156	157	123	123
130	1393_F_P_y1992	Lake Saimaa	191	191	114	124	100	100	134	161	152	152	200	202	186	186	200	200	137	137	112	118	109	109	181	181	149	149	161	161	133	145	157	169	123	123
131	1484_F_P_y1994	Lake Saimaa	185	191	124	124	100	100	161	161	152	152	202	202	186	186	200	200	137	137	118	118	109	109	171	177	149	149	161	161	133	145	156	156	123	123
132	1550_F_P_y1995	Lake Saimaa	191	191	114	124	100	100	134	161	152	152	200	200	186	186	200	200	137	151	108	118	109	109	179	181	139	149	161	161	133	145	156	157	123	123
133	1551_M_P_y1995	Lake Saimaa	191	191	114	124	100	104	134	161	152	152	194	202	186	188	200	200	137	137	116	118	109	109	177	181	149	149	161	161	145	145	156	157	123	123
134	1552_F_P_y1995	Lake Saimaa	191	191	114	114	100	104	134	134	152	152	202	202	186	188	200	200	137	139	118	118	109	109	171	177	149	149	161	161	145	145	156	169	123	123
135	1557_M_P_y1995	Lake Saimaa	191	191	124	124	100	104	134	134	152	152	200	202	186	188	200	200	137	137	112	118	109	109	171	181	149	149	161	161	133	145	156	156	123	123
136	1690_F_P_y1996	Lake Saimaa	191	191	114	124	100	104	134	161	152	152	202	202	186	186	200	200	137	137	108	118	109	109	171	181	149	149	161	161	145	145	156	169	123	123
137	1957_F_P_y1997	Lake Saimaa	191	191	124	124	104	104	161	161	148	152	194	202	186	188	200	200	129	137	108	112	109	109	177	181	149	149	161	161	145	145	156	157	123	123
138	1977_F_P_y1997	Lake Saimaa	191	191	124	124	100	100	134	161	152	152	200	202	186	188	200	200	129	137	118	118	109	109	179	181	149	149	161	161	133	145	156	169	123	123
139	2119_M_P_y1998	Lake Saimaa	191	191	114	124	100	104	134	161	152	152	200	200	186	186	200	200	137	137	108	118	109	109	181	181	149	149	161	161	145	145	156	156	123	123
140	2120_U_P_y1998	Lake Saimaa	191	191	114	124	100	104	134	134	152	152	202	202	186	188	200	200	129	129	108	118	109	109	181	181	149	149	161	161	133	145	156	156	123	123
141	2125_F_P_y1998	Lake Saimaa	191	191	114	124	100	104	134	161	152	152	200	202	186	186	200	200	129	137	118	118	109	109	181	181	149	149	161	161	145	145	156	156	123	123
142	2215_M_P_y2000	Lake Saimaa	191	191	124	124	981	104	134	161	152	152	200	202	186	186	200	200	137	137	118	118	109	109	181	181	149	149	161	161	133	145	156	157	123	123
143	2233_M_P_y2000	Lake Saimaa	191	191	124	124	104	104	161	161	152	152	200	202	186	186	200	200	137	167	118	118	109	109	171	181	149	149	161	161	145	145	156	157	123	123
144	2266_M_P_y2001	Lake Saimaa	191	191	114	114	100	104	161	161	152	152	200	202	186	188	200	200	137	137	108	118	109	109	181	181	149	149	161	161	133	145	156	156	119	123
145	2270_M_P_y2001	Lake Saimaa	191	191	114	114	100	100	134	134	152	152	200	200	186	188	200	200	137	137	118	118	109	109	171	177	149	149	161	161	133	145	156	169	123	123
146	2305_F_P_y2001	Lake Saimaa	191	191	124	124	100	104	134	161	152	152	200	202	186	186	200	200	137	137	112	118	109	109	171	171	149	149	161	161	133	145	156	156	119	123
147	2307_F_P_y2001	Lake Saimaa	191	191	124	124	981	104	134	161	152	152	202	202	186	186	200	200	137	137	118	118	109	109	181	181	149	149	161	161	145	145	156	156	123	123
148	2343_F_P_y2003	Lake Saimaa	191	191	124	124	100	104	134	161	152	152	200	202	186	186	200	200	137	137	112	118	109	109	181	181	149	149	161	161	145	145	156	156	123	123
149	2375_F_P_y2005	Lake Saimaa	185	191	114	124	100	100	161	161	152	152	194	200	186	186	200	200	137	137	108	118	109	109	181	181	149	149	161	161	145	145	156	156	123	123
150	2376_M_P_y2005	Lake Saimaa	191	191	124	124	100	104	134	161	152	152	202	202	186	186	200	200	137	137	108	118	109	109	-9	-9	139	149	161	161	133	145	156	169	123	123
151	2395_F_P_y2006	Lake Saimaa	191	191	124	124	100	104	161	161	152	152	202	202	186	186	200	200	137	137	112	118	109	109	177	181	149	149	161	161	133	145	156	169	123	123
152	2397_F_P_y2006	Lake Saimaa	191	191	124	124	981	100	134	161	152	152	194	200	186	186	200	200	137	137	112	118	109	109	171	181	149	149	161	161	133	133	156	156	123	123
153	2404_M_P_y2006	Lake Saimaa	191	191	124	124	104	104	134	161	152	152	202	202	186	188	200	200	137	167	112	112	109	109	171	171	149	149	161	161	133	145	156	156	123	123
154	2421_F_P_y2006	Lake Saimaa	191	191	124	124	104	104	134	161	152	152	194	202	186	188	200	200	137	167	112	118	109	109	171	181	149	149	161	161	145	145	156	156	123	123
155	2445_F_P_y2007	Lake Saimaa	191	191	114	124	100	104	134	161	152	152	202	202	186	188	200	200	135	137	112	118	109	109	177	181	139	149	161	161	145	145	156	169	123	123
156	2446_F_P_y2007	Lake Saimaa	191	191	114	124	100	104	134	134	152	152	202	202	186	188	200	200	137	137	108	112	-9	-9	181	181	149	149	161	161	145	145	156	156	123	123
157	2472_F_P_y2008	Lake Saimaa	191	191	114	114	104	104	134	161	152	152	194	202	186	186	200	200	137	137	108	118	109	109	181	181	149	149	161	161	145	145	157	169	123	123
158	293_F_S_y1981	Lake Saimaa	191	191	114	124	104	104	134	161	152	152	202	202	186	186	200	200	137	151	112	118	109	109	171	179	139	149	161	161	133	145	156	156	123	123
159	306_M_S_y1980	Lake Saimaa	191	191	124	124	100	104	134	134	152	152	200	202	186	186	200	200	159	159	112	112	109	109	179	181	149	149	161	161	145	145	156	156	119	123
160	424_F_S_y1982	Lake Saimaa	191	191	124	124	100	104	134	134	152	152	200	202	186	186	200	200	137	159	112	118	109	109	179	181	149	149	161	161	145	145	156	156	119	123
161	1235_M_S_y1987	Lake Saimaa	191	191	124	124	100	104	134	161	148	152	194	202	186	188	200	200	129	161	112	118	109	109	171	181	149	149	161	161	145	145	156	157	123	123
162	1420_F_S_y1993	Lake Saimaa	191	191	124	124	981	104	134	161	148	152	202	202	186	186	200	200	137	161	112	118	109	109	171	181	149	149	161	161	133	145	156	156	123	123
163	1488_M_S_y1994	Lake Saimaa	191	191	124	124	104	104	134	134	148	148	194	202	186	186	200	200	159	161	108	118	109	109	181	181	149	149	161	161	133	145	156	156	123	123
164	2259_F_S_y2001	Lake Saimaa	191	191	124	124	100	104	134	134	152	152	202	202	186	186	200	200	137	137	118	118	109	111	181	181	149	149	161	161	145	145	156	157	123	123
165	2332_F_S_y2003	Lake Saimaa	191	191	124	124	100	104	134	134	152	152	202	202	186	186	200	200	137	153	112	118	109	109	181	181	149	149	161	161	145	145	156	156	123	123
166	2353_F_S_y2004	Lake Saimaa	191	191	124	124	100	104	134	161	152	152	194	202	186	188	200	200	137	151	118	118	109	109	171	181	149	149	161	161	133	133	156	157	123	123
167	2354_M_S_y2004	Lake Saimaa	191	191	124	124	104	104	134	134	152	152	202	202	186	188	200	200	137	137	118	118	109	109	181	181	149	149	161	161	145	145	156	157	123	123
168	2357_M_S_y2004	Lake Saimaa	191	191	124	124	100	104	134	161	148	152	194	200	186	188	200	200	137	137	112	118	109	109	181	181	149	149	161	161	145	145	156	169	123	123
169	2411_M_S_y2006	Lake Saimaa	191	191	124	124	100	104	134	134	148	152	202	202	186	188	200	200	137	153	112	112	109	111	171	181	149	149	161	161	145	145	157	169	123	123
170	2436_M_S_y2007	Lake Saimaa	191	191	124	124	100	104	134	134	152	152	202	202	186	188	200	200	137	155	118	118	109	109	181	181	149	149	161	161	133	145	156	156	123	123
171	2449_F_S_y2007	Lake Saimaa	191	191	124	124	104	104	134	161	148	152	194	200	188	188	200	200	129	137	112	118	109	109	171	177	149	149	161	161	133	145	156	156	123	123
172	2466_M_S_y2008	Lake Saimaa	191	191	124	124	104	104	134	161	152	152	202	202	186	186	200	200	137	137	118	118	109	109	181	181	149	149	161	161	145	145	156	169	123	123
