T1_1 1 1 10000 100000
T1_2 1 1 10000 100000
T1_3 1 1 10000 100000
T1_4 1 1 10000 100000
T1_5 1 1 10000 100000
T2_1 1 2 10000 100000
T2_2 1 2 10000 100000
T2_3 1 2 10000 100000
T2_4 1 2 10000 100000
T2_5 1 2 10000 100000
T3_1 1 3 10000 100000
T3_2 1 3 10000 100000
T3_3 1 3 10000 100000
T3_4 1 3 10000 100000
T3_5 1 3 10000 100000
T4_1 1 4 10000 100000
T4_2 1 4 10000 100000
T4_3 1 4 10000 100000
T4_4 1 4 10000 100000
T4_5 1 4 10000 100000
T5_1 1 5 10000 100000
T5_2 1 5 10000 100000
T5_3 1 5 10000 100000
T5_4 1 5 10000 100000
T5_5 1 5 10000 100000
T6_1 1 6 10000 100000
T6_2 1 6 10000 100000
T6_3 1 6 10000 100000
T6_4 1 6 10000 100000
T6_5 1 6 10000 100000
T7_1 1 7 10000 100000
T7_2 1 7 10000 100000
T7_3 1 7 10000 100000
T7_4 1 7 10000 100000
T7_5 1 7 10000 100000
T8_1 1 8 10000 100000
T8_2 1 8 10000 100000
T8_3 1 8 10000 100000
T8_4 1 8 10000 100000
T8_5 1 8 10000 100000
T9_1 1 9 10000 100000
T9_2 1 9 10000 100000
T9_3 1 9 10000 100000
T9_4 1 9 10000 100000
T9_5 1 9 10000 100000
T10_1 1 10 10000 100000
T10_2 1 10 10000 100000
T10_3 1 10 10000 100000
T10_4 1 10 10000 100000
T10_5 1 10 10000 100000
